5.69736e-05
0.000113947
0.000170921
0.000227894
0.000284868
0.000341841
0.000398815
0.000455789
0.000512762
0.000569736
0.000626709
0.000683683
0.000740656
0.00079763
0.000854603
0.000911577
0.000968551
0.00102552
0.0010825
0.00113947
0.00119644
0.00125342
0.00131039
0.00136737
0.00142434
0.00148131
0.00153829
0.00159526
0.00165223
0.00170921
0.00176618
0.00182315
0.00188013
0.0019371
0.00199407
0.00205105
0.00210802
0.002165
0.00222197
0.00227894
0.00233592
0.00239289
0.00244986
0.00250684
0.00256381
0.00262078
0.00267776
0.00273473
0.0027917
0.00284868
0.00290565
0.00296263
0.0030196
0.00307657
0.00313355
0.00319052
0.00324749
0.00330447
0.00336144
0.00341841
0.00347539
0.00353236
0.00358933
0.00364631
0.00370328
0.00376026
0.00381723
0.0038742
0.00393118
0.00398815
0.00404512
0.0041021
0.00415907
0.00421604
0.00427302
0.00432999
0.00438696
0.00444394
0.00450091
0.00455789
0.00461486
0.00467183
0.00472881
0.00478578
0.00484275
0.00489973
0.0049567
0.00501367
0.00507065
0.00512762
0.00518459
0.00524157
0.00529854
0.00535552
0.00541249
0.00546946
0.00552644
0.00558341
0.00564038
0.00569736
0.00575433
0.0058113
0.00586828
0.00592525
0.00598222
0.0060392
0.00609617
0.00615314
0.00621012
0.00626709
0.00632407
0.00638104
0.00643801
0.00649499
0.00655196
0.00660893
0.00666591
0.00672288
0.00677985
0.00683683
0.0068938
0.00695077
0.00700775
0.00706472
0.0071217
0.00717867
0.00723564
0.00729262
0.00734959
0.00740656
0.00746354
0.00752051
0.00757748
0.00763446
0.00769143
0.0077484
0.00780538
0.00786235
0.00791933
0.0079763
0.00803327
0.00809025
0.00814722
0.00820419
0.00826117
0.00831814
0.00837511
0.00843209
0.00848906
0.00854603
0.00860301
0.00865998
0.00871696
0.00877393
0.0088309
0.00888788
0.00894485
0.00900182
0.0090588
0.00911577
0.00917274
0.00922972
0.00928669
0.00934366
0.00940064
0.00945761
0.00951459
0.00957156
0.00962853
0.00968551
0.00974248
0.00979945
0.00985643
0.0099134
0.00997037
0.0100273
0.0100843
0.0101413
0.0101983
0.0102552
0.0103122
0.0103692
0.0104262
0.0104831
0.0105401
0.0105971
0.0106541
0.010711
0.010768
0.010825
0.010882
0.0109389
0.0109959
0.0110529
0.0111098
0.0111668
0.0112238
0.0112808
0.0113377
0.0113947
0.0114517
0.0115087
0.0115656
0.0116226
0.0116796
0.0117366
0.0117935
0.0118505
0.0119075
0.0119644
0.0120214
0.0120784
0.0121354
0.0121923
0.0122493
0.0123063
0.0123633
0.0124202
0.0124772
0.0125342
0.0125912
0.0126481
0.0127051
0.0127621
0.0128191
0.012876
0.012933
0.01299
0.0130469
0.0131039
0.0131609
0.0132179
0.0132748
0.0133318
0.0133888
0.0134458
0.0135027
0.0135597
0.0136167
0.0136737
0.0137306
0.0137876
0.0138446
0.0139015
0.0139585
0.0140155
0.0140725
0.0141294
0.0141864
0.0142434
0.0143004
0.0143573
0.0144143
0.0144713
0.0145283
0.0145852
0.0146422
0.0146992
0.0147562
0.0148131
0.0148701
0.0149271
0.014984
0.015041
0.015098
0.015155
0.0152119
0.0152689
0.0153259
0.0153829
0.0154398
0.0154968
0.0155538
0.0156108
0.0156677
0.0157247
0.0157817
0.0158387
0.0158956
0.0159526
0.0160096
0.0160665
0.0161235
0.0161805
0.0162375
0.0162944
0.0163514
0.0164084
0.0164654
0.0165223
0.0165793
0.0166363
0.0166933
0.0167502
0.0168072
0.0168642
0.0169211
0.0169781
0.0170351
0.0170921
0.017149
0.017206
0.017263
0.01732
0.0173769
0.0174339
0.0174909
0.0175479
0.0176048
0.0176618
0.0177188
0.0177758
0.0178327
0.0178897
0.0179467
0.0180036
0.0180606
0.0181176
0.0181746
0.0182315
0.0182885
0.0183455
0.0184025
0.0184594
0.0185164
0.0185734
0.0186304
0.0186873
0.0187443
0.0188013
0.0188582
0.0189152
0.0189722
0.0190292
0.0190861
0.0191431
0.0192001
0.0192571
0.019314
0.019371
0.019428
0.019485
0.0195419
0.0195989
0.0196559
0.0197129
0.0197698
0.0198268
0.0198838
0.0199407
0.0199977
0.0200547
0.0201117
0.0201686
0.0202256
0.0202826
0.0203396
0.0203965
0.0204535
0.0205105
0.0205675
0.0206244
0.0206814
0.0207384
0.0207954
0.0208523
0.0209093
0.0209663
0.0210232
0.0210802
0.0211372
0.0211942
0.0212511
0.0213081
0.0213651
0.0214221
0.021479
0.021536
0.021593
0.02165
0.0217069
0.0217639
0.0218209
0.0218778
0.0219348
0.0219918
0.0220488
0.0221057
0.0221627
0.0222197
0.0222767
0.0223336
0.0223906
0.0224476
0.0225046
0.0225615
0.0226185
0.0226755
0.0227325
0.0227894
0.0228464
0.0229034
0.0229603
0.0230173
0.0230743
0.0231313
0.0231882
0.0232452
0.0233022
0.0233592
0.0234161
0.0234731
0.0235301
0.0235871
0.023644
0.023701
0.023758
0.0238149
0.0238719
0.0239289
0.0239859
0.0240428
0.0240998
0.0241568
0.0242138
0.0242707
0.0243277
0.0243847
0.0244417
0.0244986
0.0245556
0.0246126
0.0246696
0.0247265
0.0247835
0.0248405
0.0248974
0.0249544
0.0250114
0.0250684
0.0251253
0.0251823
0.0252393
0.0252963
0.0253532
0.0254102
0.0254672
0.0255242
0.0255811
0.0256381
0.0256951
0.0257521
0.025809
0.025866
0.025923
0.0259799
0.0260369
0.0260939
0.0261509
0.0262078
0.0262648
0.0263218
0.0263788
0.0264357
0.0264927
0.0265497
0.0266067
0.0266636
0.0267206
0.0267776
0.0268345
0.0268915
0.0269485
0.0270055
0.0270624
0.0271194
0.0271764
0.0272334
0.0272903
0.0273473
0.0274043
0.0274613
0.0275182
0.0275752
0.0276322
0.0276892
0.0277461
0.0278031
0.0278601
0.027917
0.027974
0.028031
0.028088
0.0281449
0.0282019
0.0282589
0.0283159
0.0283728
0.0284298
0.0284868
0.0285438
0.0286007
0.0286577
0.0287147
0.0287716
0.0288286
0.0288856
0.0289426
0.0289995
0.0290565
0.0291135
0.0291705
0.0292274
0.0292844
0.0293414
0.0293984
0.0294553
0.0295123
0.0295693
0.0296263
0.0296832
0.0297402
0.0297972
0.0298541
0.0299111
0.0299681
0.0300251
0.030082
0.030139
0.030196
0.030253
0.0303099
0.0303669
0.0304239
0.0304809
0.0305378
0.0305948
0.0306518
0.0307088
0.0307657
0.0308227
0.0308797
0.0309366
0.0309936
0.0310506
0.0311076
0.0311645
0.0312215
0.0312785
0.0313355
0.0313924
0.0314494
0.0315064
0.0315634
0.0316203
0.0316773
0.0317343
0.0317912
0.0318482
0.0319052
0.0319622
0.0320191
0.0320761
0.0321331
0.0321901
0.032247
0.032304
0.032361
0.032418
0.0324749
0.0325319
0.0325889
0.0326459
0.0327028
0.0327598
0.0328168
0.0328737
0.0329307
0.0329877
0.0330447
0.0331016
0.0331586
0.0332156
0.0332726
0.0333295
0.0333865
0.0334435
0.0335005
0.0335574
0.0336144
0.0336714
0.0337284
0.0337853
0.0338423
0.0338993
0.0339562
0.0340132
0.0340702
0.0341272
0.0341841
0.0342411
0.0342981
0.0343551
0.034412
0.034469
0.034526
0.034583
0.0346399
0.0346969
0.0347539
0.0348108
0.0348678
0.0349248
0.0349818
0.0350387
0.0350957
0.0351527
0.0352097
0.0352666
0.0353236
0.0353806
0.0354376
0.0354945
0.0355515
0.0356085
0.0356655
0.0357224
0.0357794
0.0358364
0.0358933
0.0359503
0.0360073
0.0360643
0.0361212
0.0361782
0.0362352
0.0362922
0.0363491
0.0364061
0.0364631
0.0365201
0.036577
0.036634
0.036691
0.0367479
0.0368049
0.0368619
0.0369189
0.0369758
0.0370328
0.0370898
0.0371468
0.0372037
0.0372607
0.0373177
0.0373747
0.0374316
0.0374886
0.0375456
0.0376026
0.0376595
0.0377165
0.0377735
0.0378304
0.0378874
0.0379444
0.0380014
0.0380583
0.0381153
0.0381723
0.0382293
0.0382862
0.0383432
0.0384002
0.0384572
0.0385141
0.0385711
0.0386281
0.0386851
0.038742
0.038799
0.038856
0.0389129
0.0389699
0.0390269
0.0390839
0.0391408
0.0391978
0.0392548
0.0393118
0.0393687
0.0394257
0.0394827
0.0395397
0.0395966
0.0396536
0.0397106
0.0397675
0.0398245
0.0398815
0.0399385
0.0399954
0.0400524
0.0401094
0.0401664
0.0402233
0.0402803
0.0403373
0.0403943
0.0404512
0.0405082
0.0405652
0.0406222
0.0406791
0.0407361
0.0407931
0.04085
0.040907
0.040964
0.041021
0.0410779
0.0411349
0.0411919
0.0412489
0.0413058
0.0413628
0.0414198
0.0414768
0.0415337
0.0415907
0.0416477
0.0417046
0.0417616
0.0418186
0.0418756
0.0419325
0.0419895
0.0420465
0.0421035
0.0421604
0.0422174
0.0422744
0.0423314
0.0423883
0.0424453
0.0425023
0.0425593
0.0426162
0.0426732
0.0427302
0.0427871
0.0428441
0.0429011
0.0429581
0.043015
0.043072
0.043129
0.043186
0.0432429
0.0432999
0.0433569
0.0434139
0.0434708
0.0435278
0.0435848
0.0436418
0.0436987
0.0437557
0.0438127
0.0438696
0.0439266
0.0439836
0.0440406
0.0440975
0.0441545
0.0442115
0.0442685
0.0443254
0.0443824
0.0444394
0.0444964
0.0445533
0.0446103
0.0446673
0.0447242
0.0447812
0.0448382
0.0448952
0.0449521
0.0450091
0.0450661
0.0451231
0.04518
0.045237
0.045294
0.045351
0.0454079
0.0454649
0.0455219
0.0455789
0.0456358
0.0456928
0.0457498
0.0458067
0.0458637
0.0459207
0.0459777
0.0460346
0.0460916
0.0461486
0.0462056
0.0462625
0.0463195
0.0463765
0.0464335
0.0464904
0.0465474
0.0466044
0.0466613
0.0467183
0.0467753
0.0468323
0.0468892
0.0469462
0.0470032
0.0470602
0.0471171
0.0471741
0.0472311
0.0472881
0.047345
0.047402
0.047459
0.047516
0.0475729
0.0476299
0.0476869
0.0477438
0.0478008
0.0478578
0.0479148
0.0479717
0.0480287
0.0480857
0.0481427
0.0481996
0.0482566
0.0483136
0.0483706
0.0484275
0.0484845
0.0485415
0.0485985
0.0486554
0.0487124
0.0487694
0.0488263
0.0488833
0.0489403
0.0489973
0.0490542
0.0491112
0.0491682
0.0492252
0.0492821
0.0493391
0.0493961
0.0494531
0.04951
0.049567
0.049624
0.0496809
0.0497379
0.0497949
0.0498519
0.0499088
0.0499658
0.0500228
0.0500798
0.0501367
0.0501937
0.0502507
0.0503077
0.0503646
0.0504216
0.0504786
0.0505356
0.0505925
0.0506495
0.0507065
0.0507634
0.0508204
0.0508774
0.0509344
0.0509913
0.0510483
0.0511053
0.0511623
0.0512192
0.0512762
0.0513332
0.0513902
0.0514471
0.0515041
0.0515611
0.051618
0.051675
0.051732
0.051789
0.0518459
0.0519029
0.0519599
0.0520169
0.0520738
0.0521308
0.0521878
0.0522448
0.0523017
0.0523587
0.0524157
0.0524727
0.0525296
0.0525866
0.0526436
0.0527005
0.0527575
0.0528145
0.0528715
0.0529284
0.0529854
0.0530424
0.0530994
0.0531563
0.0532133
0.0532703
0.0533273
0.0533842
0.0534412
0.0534982
0.0535552
0.0536121
0.0536691
0.0537261
0.053783
0.05384
0.053897
0.053954
0.0540109
0.0540679
0.0541249
0.0541819
0.0542388
0.0542958
0.0543528
0.0544098
0.0544667
0.0545237
0.0545807
0.0546376
0.0546946
0.0547516
0.0548086
0.0548655
0.0549225
0.0549795
0.0550365
0.0550934
0.0551504
0.0552074
0.0552644
0.0553213
0.0553783
0.0554353
0.0554923
0.0555492
0.0556062
0.0556632
0.0557201
0.0557771
0.0558341
0.0558911
0.055948
0.056005
0.056062
0.056119
0.0561759
0.0562329
0.0562899
0.0563469
0.0564038
0.0564608
0.0565178
0.0565747
0.0566317
0.0566887
0.0567457
0.0568026
0.0568596
0.0569166
0.0569736
0.0570305
0.0570875
0.0571445
0.0572015
0.0572584
0.0573154
0.0573724
0.0574294
0.0574863
0.0575433
0.0576003
0.0576572
0.0577142
0.0577712
0.0578282
0.0578851
0.0579421
0.0579991
0.0580561
0.058113
0.05817
0.058227
0.058284
0.0583409
0.0583979
0.0584549
0.0585119
0.0585688
0.0586258
0.0586828
0.0587397
0.0587967
0.0588537
0.0589107
0.0589676
0.0590246
0.0590816
0.0591386
0.0591955
0.0592525
0.0593095
0.0593665
0.0594234
0.0594804
0.0595374
0.0595943
0.0596513
0.0597083
0.0597653
0.0598222
0.0598792
0.0599362
0.0599932
0.0600501
0.0601071
0.0601641
0.0602211
0.060278
0.060335
0.060392
0.060449
0.0605059
0.0605629
0.0606199
0.0606768
0.0607338
0.0607908
0.0608478
0.0609047
0.0609617
0.0610187
0.0610757
0.0611326
0.0611896
0.0612466
0.0613036
0.0613605
0.0614175
0.0614745
0.0615314
0.0615884
0.0616454
0.0617024
0.0617593
0.0618163
0.0618733
0.0619303
0.0619872
0.0620442
0.0621012
0.0621582
0.0622151
0.0622721
0.0623291
0.0623861
0.062443
0.0625
0.062557
0.0626139
0.0626709
0.0627279
0.0627849
0.0628418
0.0628988
0.0629558
0.0630128
0.0630697
0.0631267
0.0631837
0.0632407
0.0632976
0.0633546
0.0634116
0.0634686
0.0635255
0.0635825
0.0636395
0.0636964
0.0637534
0.0638104
0.0638674
0.0639243
0.0639813
0.0640383
0.0640953
0.0641522
0.0642092
0.0642662
0.0643232
0.0643801
0.0644371
0.0644941
0.064551
0.064608
0.064665
0.064722
0.0647789
0.0648359
0.0648929
0.0649499
0.0650068
0.0650638
0.0651208
0.0651778
0.0652347
0.0652917
0.0653487
0.0654057
0.0654626
0.0655196
0.0655766
0.0656335
0.0656905
0.0657475
0.0658045
0.0658614
0.0659184
0.0659754
0.0660324
0.0660893
0.0661463
0.0662033
0.0662603
0.0663172
0.0663742
0.0664312
0.0664881
0.0665451
0.0666021
0.0666591
0.066716
0.066773
0.06683
0.066887
0.0669439
0.0670009
0.0670579
0.0671149
0.0671718
0.0672288
0.0672858
0.0673428
0.0673997
0.0674567
0.0675137
0.0675706
0.0676276
0.0676846
0.0677416
0.0677985
0.0678555
0.0679125
0.0679695
0.0680264
0.0680834
0.0681404
0.0681974
0.0682543
0.0683113
0.0683683
0.0684253
0.0684822
0.0685392
0.0685962
0.0686531
0.0687101
0.0687671
0.0688241
0.068881
0.068938
0.068995
0.069052
0.0691089
0.0691659
0.0692229
0.0692799
0.0693368
0.0693938
0.0694508
0.0695077
0.0695647
0.0696217
0.0696787
0.0697356
0.0697926
0.0698496
0.0699066
0.0699635
0.0700205
0.0700775
0.0701345
0.0701914
0.0702484
0.0703054
0.0703624
0.0704193
0.0704763
0.0705333
0.0705902
0.0706472
0.0707042
0.0707612
0.0708181
0.0708751
0.0709321
0.0709891
0.071046
0.071103
0.07116
0.071217
0.0712739
0.0713309
0.0713879
0.0714448
0.0715018
0.0715588
0.0716158
0.0716727
0.0717297
0.0717867
0.0718437
0.0719006
0.0719576
0.0720146
0.0720716
0.0721285
0.0721855
0.0722425
0.0722995
0.0723564
0.0724134
0.0724704
0.0725273
0.0725843
0.0726413
0.0726983
0.0727552
0.0728122
0.0728692
0.0729262
0.0729831
0.0730401
0.0730971
0.0731541
0.073211
0.073268
0.073325
0.073382
0.0734389
0.0734959
0.0735529
0.0736098
0.0736668
0.0737238
0.0737808
0.0738377
0.0738947
0.0739517
0.0740087
0.0740656
0.0741226
0.0741796
0.0742366
0.0742935
0.0743505
0.0744075
0.0744644
0.0745214
0.0745784
0.0746354
0.0746923
0.0747493
0.0748063
0.0748633
0.0749202
0.0749772
0.0750342
0.0750912
0.0751481
0.0752051
0.0752621
0.0753191
0.075376
0.075433
0.07549
0.0755469
0.0756039
0.0756609
0.0757179
0.0757748
0.0758318
0.0758888
0.0759458
0.0760027
0.0760597
0.0761167
0.0761737
0.0762306
0.0762876
0.0763446
0.0764015
0.0764585
0.0765155
0.0765725
0.0766294
0.0766864
0.0767434
0.0768004
0.0768573
0.0769143
0.0769713
0.0770283
0.0770852
0.0771422
0.0771992
0.0772562
0.0773131
0.0773701
0.0774271
0.077484
0.077541
0.077598
0.077655
0.0777119
0.0777689
0.0778259
0.0778829
0.0779398
0.0779968
0.0780538
0.0781108
0.0781677
0.0782247
0.0782817
0.0783387
0.0783956
0.0784526
0.0785096
0.0785665
0.0786235
0.0786805
0.0787375
0.0787944
0.0788514
0.0789084
0.0789654
0.0790223
0.0790793
0.0791363
0.0791933
0.0792502
0.0793072
0.0793642
0.0794211
0.0794781
0.0795351
0.0795921
0.079649
0.079706
0.079763
0.07982
0.0798769
0.0799339
0.0799909
0.0800479
0.0801048
0.0801618
0.0802188
0.0802758
0.0803327
0.0803897
0.0804467
0.0805036
0.0805606
0.0806176
0.0806746
0.0807315
0.0807885
0.0808455
0.0809025
0.0809594
0.0810164
0.0810734
0.0811304
0.0811873
0.0812443
0.0813013
0.0813582
0.0814152
0.0814722
0.0815292
0.0815861
0.0816431
0.0817001
0.0817571
0.081814
0.081871
0.081928
0.081985
0.0820419
0.0820989
0.0821559
0.0822129
0.0822698
0.0823268
0.0823838
0.0824407
0.0824977
0.0825547
0.0826117
0.0826686
0.0827256
0.0827826
0.0828396
0.0828965
0.0829535
0.0830105
0.0830675
0.0831244
0.0831814
0.0832384
0.0832954
0.0833523
0.0834093
0.0834663
0.0835232
0.0835802
0.0836372
0.0836942
0.0837511
0.0838081
0.0838651
0.0839221
0.083979
0.084036
0.084093
0.08415
0.0842069
0.0842639
0.0843209
0.0843778
0.0844348
0.0844918
0.0845488
0.0846057
0.0846627
0.0847197
0.0847767
0.0848336
0.0848906
0.0849476
0.0850046
0.0850615
0.0851185
0.0851755
0.0852325
0.0852894
0.0853464
0.0854034
0.0854603
0.0855173
0.0855743
0.0856313
0.0856882
0.0857452
0.0858022
0.0858592
0.0859161
0.0859731
0.0860301
0.0860871
0.086144
0.086201
0.086258
0.0863149
0.0863719
0.0864289
0.0864859
0.0865428
0.0865998
0.0866568
0.0867138
0.0867707
0.0868277
0.0868847
0.0869417
0.0869986
0.0870556
0.0871126
0.0871696
0.0872265
0.0872835
0.0873405
0.0873974
0.0874544
0.0875114
0.0875684
0.0876253
0.0876823
0.0877393
0.0877963
0.0878532
0.0879102
0.0879672
0.0880242
0.0880811
0.0881381
0.0881951
0.0882521
0.088309
0.088366
0.088423
0.0884799
0.0885369
0.0885939
0.0886509
0.0887078
0.0887648
0.0888218
0.0888788
0.0889357
0.0889927
0.0890497
0.0891067
0.0891636
0.0892206
0.0892776
0.0893345
0.0893915
0.0894485
0.0895055
0.0895624
0.0896194
0.0896764
0.0897334
0.0897903
0.0898473
0.0899043
0.0899613
0.0900182
0.0900752
0.0901322
0.0901892
0.0902461
0.0903031
0.0903601
0.090417
0.090474
0.090531
0.090588
0.0906449
0.0907019
0.0907589
0.0908159
0.0908728
0.0909298
0.0909868
0.0910438
0.0911007
0.0911577
0.0912147
0.0912716
0.0913286
0.0913856
0.0914426
0.0914995
0.0915565
0.0916135
0.0916705
0.0917274
0.0917844
0.0918414
0.0918984
0.0919553
0.0920123
0.0920693
0.0921263
0.0921832
0.0922402
0.0922972
0.0923541
0.0924111
0.0924681
0.0925251
0.092582
0.092639
0.092696
0.092753
0.0928099
0.0928669
0.0929239
0.0929809
0.0930378
0.0930948
0.0931518
0.0932088
0.0932657
0.0933227
0.0933797
0.0934366
0.0934936
0.0935506
0.0936076
0.0936645
0.0937215
0.0937785
0.0938355
0.0938924
0.0939494
0.0940064
0.0940634
0.0941203
0.0941773
0.0942343
0.0942912
0.0943482
0.0944052
0.0944622
0.0945191
0.0945761
0.0946331
0.0946901
0.094747
0.094804
0.094861
0.094918
0.0949749
0.0950319
0.0950889
0.0951459
0.0952028
0.0952598
0.0953168
0.0953737
0.0954307
0.0954877
0.0955447
0.0956016
0.0956586
0.0957156
0.0957726
0.0958295
0.0958865
0.0959435
0.0960005
0.0960574
0.0961144
0.0961714
0.0962284
0.0962853
0.0963423
0.0963993
0.0964562
0.0965132
0.0965702
0.0966272
0.0966841
0.0967411
0.0967981
0.0968551
0.096912
0.096969
0.097026
0.097083
0.0971399
0.0971969
0.0972539
0.0973108
0.0973678
0.0974248
0.0974818
0.0975387
0.0975957
0.0976527
0.0977097
0.0977666
0.0978236
0.0978806
0.0979376
0.0979945
0.0980515
0.0981085
0.0981655
0.0982224
0.0982794
0.0983364
0.0983933
0.0984503
0.0985073
0.0985643
0.0986212
0.0986782
0.0987352
0.0987922
0.0988491
0.0989061
0.0989631
0.0990201
0.099077
0.099134
0.099191
0.0992479
0.0993049
0.0993619
0.0994189
0.0994758
0.0995328
0.0995898
0.0996468
0.0997037
0.0997607
0.0998177
0.0998747
0.0999316
0.0999886
0.100046
0.100103
0.10016
0.100216
0.100273
0.10033
0.100387
0.100444
0.100501
0.100558
0.100615
0.100672
0.100729
0.100786
0.100843
0.1009
0.100957
0.101014
0.101071
0.101128
0.101185
0.101242
0.101299
0.101356
0.101413
0.10147
0.101527
0.101584
0.101641
0.101698
0.101755
0.101812
0.101869
0.101926
0.101983
0.10204
0.102097
0.102154
0.102211
0.102268
0.102325
0.102381
0.102438
0.102495
0.102552
0.102609
0.102666
0.102723
0.10278
0.102837
0.102894
0.102951
0.103008
0.103065
0.103122
0.103179
0.103236
0.103293
0.10335
0.103407
0.103464
0.103521
0.103578
0.103635
0.103692
0.103749
0.103806
0.103863
0.10392
0.103977
0.104034
0.104091
0.104148
0.104205
0.104262
0.104319
0.104376
0.104433
0.10449
0.104546
0.104603
0.10466
0.104717
0.104774
0.104831
0.104888
0.104945
0.105002
0.105059
0.105116
0.105173
0.10523
0.105287
0.105344
0.105401
0.105458
0.105515
0.105572
0.105629
0.105686
0.105743
0.1058
0.105857
0.105914
0.105971
0.106028
0.106085
0.106142
0.106199
0.106256
0.106313
0.10637
0.106427
0.106484
0.106541
0.106598
0.106655
0.106711
0.106768
0.106825
0.106882
0.106939
0.106996
0.107053
0.10711
0.107167
0.107224
0.107281
0.107338
0.107395
0.107452
0.107509
0.107566
0.107623
0.10768
0.107737
0.107794
0.107851
0.107908
0.107965
0.108022
0.108079
0.108136
0.108193
0.10825
0.108307
0.108364
0.108421
0.108478
0.108535
0.108592
0.108649
0.108706
0.108763
0.10882
0.108876
0.108933
0.10899
0.109047
0.109104
0.109161
0.109218
0.109275
0.109332
0.109389
0.109446
0.109503
0.10956
0.109617
0.109674
0.109731
0.109788
0.109845
0.109902
0.109959
0.110016
0.110073
0.11013
0.110187
0.110244
0.110301
0.110358
0.110415
0.110472
0.110529
0.110586
0.110643
0.1107
0.110757
0.110814
0.110871
0.110928
0.110985
0.111041
0.111098
0.111155
0.111212
0.111269
0.111326
0.111383
0.11144
0.111497
0.111554
0.111611
0.111668
0.111725
0.111782
0.111839
0.111896
0.111953
0.11201
0.112067
0.112124
0.112181
0.112238
0.112295
0.112352
0.112409
0.112466
0.112523
0.11258
0.112637
0.112694
0.112751
0.112808
0.112865
0.112922
0.112979
0.113036
0.113093
0.113149
0.113206
0.113263
0.11332
0.113377
0.113434
0.113491
0.113548
0.113605
0.113662
0.113719
0.113776
0.113833
0.11389
0.113947
0.114004
0.114061
0.114118
0.114175
0.114232
0.114289
0.114346
0.114403
0.11446
0.114517
0.114574
0.114631
0.114688
0.114745
0.114802
0.114859
0.114916
0.114973
0.11503
0.115087
0.115144
0.115201
0.115258
0.115314
0.115371
0.115428
0.115485
0.115542
0.115599
0.115656
0.115713
0.11577
0.115827
0.115884
0.115941
0.115998
0.116055
0.116112
0.116169
0.116226
0.116283
0.11634
0.116397
0.116454
0.116511
0.116568
0.116625
0.116682
0.116739
0.116796
0.116853
0.11691
0.116967
0.117024
0.117081
0.117138
0.117195
0.117252
0.117309
0.117366
0.117423
0.117479
0.117536
0.117593
0.11765
0.117707
0.117764
0.117821
0.117878
0.117935
0.117992
0.118049
0.118106
0.118163
0.11822
0.118277
0.118334
0.118391
0.118448
0.118505
0.118562
0.118619
0.118676
0.118733
0.11879
0.118847
0.118904
0.118961
0.119018
0.119075
0.119132
0.119189
0.119246
0.119303
0.11936
0.119417
0.119474
0.119531
0.119588
0.119644
0.119701
0.119758
0.119815
0.119872
0.119929
0.119986
0.120043
0.1201
0.120157
0.120214
0.120271
0.120328
0.120385
0.120442
0.120499
0.120556
0.120613
0.12067
0.120727
0.120784
0.120841
0.120898
0.120955
0.121012
0.121069
0.121126
0.121183
0.12124
0.121297
0.121354
0.121411
0.121468
0.121525
0.121582
0.121639
0.121696
0.121753
0.121809
0.121866
0.121923
0.12198
0.122037
0.122094
0.122151
0.122208
0.122265
0.122322
0.122379
0.122436
0.122493
0.12255
0.122607
0.122664
0.122721
0.122778
0.122835
0.122892
0.122949
0.123006
0.123063
0.12312
0.123177
0.123234
0.123291
0.123348
0.123405
0.123462
0.123519
0.123576
0.123633
0.12369
0.123747
0.123804
0.123861
0.123918
0.123974
0.124031
0.124088
0.124145
0.124202
0.124259
0.124316
0.124373
0.12443
0.124487
0.124544
0.124601
0.124658
0.124715
0.124772
0.124829
0.124886
0.124943
0.125
0.125057
0.125114
0.125171
0.125228
0.125285
0.125342
0.125399
0.125456
0.125513
0.12557
0.125627
0.125684
0.125741
0.125798
0.125855
0.125912
0.125969
0.126026
0.126082
0.126139
0.126196
0.126253
0.12631
0.126367
0.126424
0.126481
0.126538
0.126595
0.126652
0.126709
0.126766
0.126823
0.12688
0.126937
0.126994
0.127051
0.127108
0.127165
0.127222
0.127279
0.127336
0.127393
0.12745
0.127507
0.127564
0.127621
0.127678
0.127735
0.127792
0.127849
0.127906
0.127963
0.12802
0.128077
0.128134
0.128191
0.128247
0.128304
0.128361
0.128418
0.128475
0.128532
0.128589
0.128646
0.128703
0.12876
0.128817
0.128874
0.128931
0.128988
0.129045
0.129102
0.129159
0.129216
0.129273
0.12933
0.129387
0.129444
0.129501
0.129558
0.129615
0.129672
0.129729
0.129786
0.129843
0.1299
0.129957
0.130014
0.130071
0.130128
0.130185
0.130242
0.130299
0.130356
0.130412
0.130469
0.130526
0.130583
0.13064
0.130697
0.130754
0.130811
0.130868
0.130925
0.130982
0.131039
0.131096
0.131153
0.13121
0.131267
0.131324
0.131381
0.131438
0.131495
0.131552
0.131609
0.131666
0.131723
0.13178
0.131837
0.131894
0.131951
0.132008
0.132065
0.132122
0.132179
0.132236
0.132293
0.13235
0.132407
0.132464
0.132521
0.132577
0.132634
0.132691
0.132748
0.132805
0.132862
0.132919
0.132976
0.133033
0.13309
0.133147
0.133204
0.133261
0.133318
0.133375
0.133432
0.133489
0.133546
0.133603
0.13366
0.133717
0.133774
0.133831
0.133888
0.133945
0.134002
0.134059
0.134116
0.134173
0.13423
0.134287
0.134344
0.134401
0.134458
0.134515
0.134572
0.134629
0.134686
0.134742
0.134799
0.134856
0.134913
0.13497
0.135027
0.135084
0.135141
0.135198
0.135255
0.135312
0.135369
0.135426
0.135483
0.13554
0.135597
0.135654
0.135711
0.135768
0.135825
0.135882
0.135939
0.135996
0.136053
0.13611
0.136167
0.136224
0.136281
0.136338
0.136395
0.136452
0.136509
0.136566
0.136623
0.13668
0.136737
0.136794
0.136851
0.136907
0.136964
0.137021
0.137078
0.137135
0.137192
0.137249
0.137306
0.137363
0.13742
0.137477
0.137534
0.137591
0.137648
0.137705
0.137762
0.137819
0.137876
0.137933
0.13799
0.138047
0.138104
0.138161
0.138218
0.138275
0.138332
0.138389
0.138446
0.138503
0.13856
0.138617
0.138674
0.138731
0.138788
0.138845
0.138902
0.138959
0.139015
0.139072
0.139129
0.139186
0.139243
0.1393
0.139357
0.139414
0.139471
0.139528
0.139585
0.139642
0.139699
0.139756
0.139813
0.13987
0.139927
0.139984
0.140041
0.140098
0.140155
0.140212
0.140269
0.140326
0.140383
0.14044
0.140497
0.140554
0.140611
0.140668
0.140725
0.140782
0.140839
0.140896
0.140953
0.14101
0.141067
0.141124
0.14118
0.141237
0.141294
0.141351
0.141408
0.141465
0.141522
0.141579
0.141636
0.141693
0.14175
0.141807
0.141864
0.141921
0.141978
0.142035
0.142092
0.142149
0.142206
0.142263
0.14232
0.142377
0.142434
0.142491
0.142548
0.142605
0.142662
0.142719
0.142776
0.142833
0.14289
0.142947
0.143004
0.143061
0.143118
0.143175
0.143232
0.143289
0.143345
0.143402
0.143459
0.143516
0.143573
0.14363
0.143687
0.143744
0.143801
0.143858
0.143915
0.143972
0.144029
0.144086
0.144143
0.1442
0.144257
0.144314
0.144371
0.144428
0.144485
0.144542
0.144599
0.144656
0.144713
0.14477
0.144827
0.144884
0.144941
0.144998
0.145055
0.145112
0.145169
0.145226
0.145283
0.14534
0.145397
0.145454
0.14551
0.145567
0.145624
0.145681
0.145738
0.145795
0.145852
0.145909
0.145966
0.146023
0.14608
0.146137
0.146194
0.146251
0.146308
0.146365
0.146422
0.146479
0.146536
0.146593
0.14665
0.146707
0.146764
0.146821
0.146878
0.146935
0.146992
0.147049
0.147106
0.147163
0.14722
0.147277
0.147334
0.147391
0.147448
0.147505
0.147562
0.147619
0.147675
0.147732
0.147789
0.147846
0.147903
0.14796
0.148017
0.148074
0.148131
0.148188
0.148245
0.148302
0.148359
0.148416
0.148473
0.14853
0.148587
0.148644
0.148701
0.148758
0.148815
0.148872
0.148929
0.148986
0.149043
0.1491
0.149157
0.149214
0.149271
0.149328
0.149385
0.149442
0.149499
0.149556
0.149613
0.14967
0.149727
0.149784
0.14984
0.149897
0.149954
0.150011
0.150068
0.150125
0.150182
0.150239
0.150296
0.150353
0.15041
0.150467
0.150524
0.150581
0.150638
0.150695
0.150752
0.150809
0.150866
0.150923
0.15098
0.151037
0.151094
0.151151
0.151208
0.151265
0.151322
0.151379
0.151436
0.151493
0.15155
0.151607
0.151664
0.151721
0.151778
0.151835
0.151892
0.151948
0.152005
0.152062
0.152119
0.152176
0.152233
0.15229
0.152347
0.152404
0.152461
0.152518
0.152575
0.152632
0.152689
0.152746
0.152803
0.15286
0.152917
0.152974
0.153031
0.153088
0.153145
0.153202
0.153259
0.153316
0.153373
0.15343
0.153487
0.153544
0.153601
0.153658
0.153715
0.153772
0.153829
0.153886
0.153943
0.154
0.154057
0.154113
0.15417
0.154227
0.154284
0.154341
0.154398
0.154455
0.154512
0.154569
0.154626
0.154683
0.15474
0.154797
0.154854
0.154911
0.154968
0.155025
0.155082
0.155139
0.155196
0.155253
0.15531
0.155367
0.155424
0.155481
0.155538
0.155595
0.155652
0.155709
0.155766
0.155823
0.15588
0.155937
0.155994
0.156051
0.156108
0.156165
0.156222
0.156278
0.156335
0.156392
0.156449
0.156506
0.156563
0.15662
0.156677
0.156734
0.156791
0.156848
0.156905
0.156962
0.157019
0.157076
0.157133
0.15719
0.157247
0.157304
0.157361
0.157418
0.157475
0.157532
0.157589
0.157646
0.157703
0.15776
0.157817
0.157874
0.157931
0.157988
0.158045
0.158102
0.158159
0.158216
0.158273
0.15833
0.158387
0.158443
0.1585
0.158557
0.158614
0.158671
0.158728
0.158785
0.158842
0.158899
0.158956
0.159013
0.15907
0.159127
0.159184
0.159241
0.159298
0.159355
0.159412
0.159469
0.159526
0.159583
0.15964
0.159697
0.159754
0.159811
0.159868
0.159925
0.159982
0.160039
0.160096
0.160153
0.16021
0.160267
0.160324
0.160381
0.160438
0.160495
0.160552
0.160608
0.160665
0.160722
0.160779
0.160836
0.160893
0.16095
0.161007
0.161064
0.161121
0.161178
0.161235
0.161292
0.161349
0.161406
0.161463
0.16152
0.161577
0.161634
0.161691
0.161748
0.161805
0.161862
0.161919
0.161976
0.162033
0.16209
0.162147
0.162204
0.162261
0.162318
0.162375
0.162432
0.162489
0.162546
0.162603
0.16266
0.162716
0.162773
0.16283
0.162887
0.162944
0.163001
0.163058
0.163115
0.163172
0.163229
0.163286
0.163343
0.1634
0.163457
0.163514
0.163571
0.163628
0.163685
0.163742
0.163799
0.163856
0.163913
0.16397
0.164027
0.164084
0.164141
0.164198
0.164255
0.164312
0.164369
0.164426
0.164483
0.16454
0.164597
0.164654
0.164711
0.164768
0.164825
0.164881
0.164938
0.164995
0.165052
0.165109
0.165166
0.165223
0.16528
0.165337
0.165394
0.165451
0.165508
0.165565
0.165622
0.165679
0.165736
0.165793
0.16585
0.165907
0.165964
0.166021
0.166078
0.166135
0.166192
0.166249
0.166306
0.166363
0.16642
0.166477
0.166534
0.166591
0.166648
0.166705
0.166762
0.166819
0.166876
0.166933
0.16699
0.167046
0.167103
0.16716
0.167217
0.167274
0.167331
0.167388
0.167445
0.167502
0.167559
0.167616
0.167673
0.16773
0.167787
0.167844
0.167901
0.167958
0.168015
0.168072
0.168129
0.168186
0.168243
0.1683
0.168357
0.168414
0.168471
0.168528
0.168585
0.168642
0.168699
0.168756
0.168813
0.16887
0.168927
0.168984
0.169041
0.169098
0.169155
0.169211
0.169268
0.169325
0.169382
0.169439
0.169496
0.169553
0.16961
0.169667
0.169724
0.169781
0.169838
0.169895
0.169952
0.170009
0.170066
0.170123
0.17018
0.170237
0.170294
0.170351
0.170408
0.170465
0.170522
0.170579
0.170636
0.170693
0.17075
0.170807
0.170864
0.170921
0.170978
0.171035
0.171092
0.171149
0.171206
0.171263
0.17132
0.171376
0.171433
0.17149
0.171547
0.171604
0.171661
0.171718
0.171775
0.171832
0.171889
0.171946
0.172003
0.17206
0.172117
0.172174
0.172231
0.172288
0.172345
0.172402
0.172459
0.172516
0.172573
0.17263
0.172687
0.172744
0.172801
0.172858
0.172915
0.172972
0.173029
0.173086
0.173143
0.1732
0.173257
0.173314
0.173371
0.173428
0.173485
0.173541
0.173598
0.173655
0.173712
0.173769
0.173826
0.173883
0.17394
0.173997
0.174054
0.174111
0.174168
0.174225
0.174282
0.174339
0.174396
0.174453
0.17451
0.174567
0.174624
0.174681
0.174738
0.174795
0.174852
0.174909
0.174966
0.175023
0.17508
0.175137
0.175194
0.175251
0.175308
0.175365
0.175422
0.175479
0.175536
0.175593
0.175649
0.175706
0.175763
0.17582
0.175877
0.175934
0.175991
0.176048
0.176105
0.176162
0.176219
0.176276
0.176333
0.17639
0.176447
0.176504
0.176561
0.176618
0.176675
0.176732
0.176789
0.176846
0.176903
0.17696
0.177017
0.177074
0.177131
0.177188
0.177245
0.177302
0.177359
0.177416
0.177473
0.17753
0.177587
0.177644
0.177701
0.177758
0.177814
0.177871
0.177928
0.177985
0.178042
0.178099
0.178156
0.178213
0.17827
0.178327
0.178384
0.178441
0.178498
0.178555
0.178612
0.178669
0.178726
0.178783
0.17884
0.178897
0.178954
0.179011
0.179068
0.179125
0.179182
0.179239
0.179296
0.179353
0.17941
0.179467
0.179524
0.179581
0.179638
0.179695
0.179752
0.179809
0.179866
0.179923
0.179979
0.180036
0.180093
0.18015
0.180207
0.180264
0.180321
0.180378
0.180435
0.180492
0.180549
0.180606
0.180663
0.18072
0.180777
0.180834
0.180891
0.180948
0.181005
0.181062
0.181119
0.181176
0.181233
0.18129
0.181347
0.181404
0.181461
0.181518
0.181575
0.181632
0.181689
0.181746
0.181803
0.18186
0.181917
0.181974
0.182031
0.182088
0.182144
0.182201
0.182258
0.182315
0.182372
0.182429
0.182486
0.182543
0.1826
0.182657
0.182714
0.182771
0.182828
0.182885
0.182942
0.182999
0.183056
0.183113
0.18317
0.183227
0.183284
0.183341
0.183398
0.183455
0.183512
0.183569
0.183626
0.183683
0.18374
0.183797
0.183854
0.183911
0.183968
0.184025
0.184082
0.184139
0.184196
0.184253
0.184309
0.184366
0.184423
0.18448
0.184537
0.184594
0.184651
0.184708
0.184765
0.184822
0.184879
0.184936
0.184993
0.18505
0.185107
0.185164
0.185221
0.185278
0.185335
0.185392
0.185449
0.185506
0.185563
0.18562
0.185677
0.185734
0.185791
0.185848
0.185905
0.185962
0.186019
0.186076
0.186133
0.18619
0.186247
0.186304
0.186361
0.186418
0.186474
0.186531
0.186588
0.186645
0.186702
0.186759
0.186816
0.186873
0.18693
0.186987
0.187044
0.187101
0.187158
0.187215
0.187272
0.187329
0.187386
0.187443
0.1875
0.187557
0.187614
0.187671
0.187728
0.187785
0.187842
0.187899
0.187956
0.188013
0.18807
0.188127
0.188184
0.188241
0.188298
0.188355
0.188412
0.188469
0.188526
0.188582
0.188639
0.188696
0.188753
0.18881
0.188867
0.188924
0.188981
0.189038
0.189095
0.189152
0.189209
0.189266
0.189323
0.18938
0.189437
0.189494
0.189551
0.189608
0.189665
0.189722
0.189779
0.189836
0.189893
0.18995
0.190007
0.190064
0.190121
0.190178
0.190235
0.190292
0.190349
0.190406
0.190463
0.19052
0.190577
0.190634
0.190691
0.190747
0.190804
0.190861
0.190918
0.190975
0.191032
0.191089
0.191146
0.191203
0.19126
0.191317
0.191374
0.191431
0.191488
0.191545
0.191602
0.191659
0.191716
0.191773
0.19183
0.191887
0.191944
0.192001
0.192058
0.192115
0.192172
0.192229
0.192286
0.192343
0.1924
0.192457
0.192514
0.192571
0.192628
0.192685
0.192742
0.192799
0.192856
0.192912
0.192969
0.193026
0.193083
0.19314
0.193197
0.193254
0.193311
0.193368
0.193425
0.193482
0.193539
0.193596
0.193653
0.19371
0.193767
0.193824
0.193881
0.193938
0.193995
0.194052
0.194109
0.194166
0.194223
0.19428
0.194337
0.194394
0.194451
0.194508
0.194565
0.194622
0.194679
0.194736
0.194793
0.19485
0.194907
0.194964
0.195021
0.195077
0.195134
0.195191
0.195248
0.195305
0.195362
0.195419
0.195476
0.195533
0.19559
0.195647
0.195704
0.195761
0.195818
0.195875
0.195932
0.195989
0.196046
0.196103
0.19616
0.196217
0.196274
0.196331
0.196388
0.196445
0.196502
0.196559
0.196616
0.196673
0.19673
0.196787
0.196844
0.196901
0.196958
0.197015
0.197072
0.197129
0.197186
0.197242
0.197299
0.197356
0.197413
0.19747
0.197527
0.197584
0.197641
0.197698
0.197755
0.197812
0.197869
0.197926
0.197983
0.19804
0.198097
0.198154
0.198211
0.198268
0.198325
0.198382
0.198439
0.198496
0.198553
0.19861
0.198667
0.198724
0.198781
0.198838
0.198895
0.198952
0.199009
0.199066
0.199123
0.19918
0.199237
0.199294
0.199351
0.199407
0.199464
0.199521
0.199578
0.199635
0.199692
0.199749
0.199806
0.199863
0.19992
0.199977
0.200034
0.200091
0.200148
0.200205
0.200262
0.200319
0.200376
0.200433
0.20049
0.200547
0.200604
0.200661
0.200718
0.200775
0.200832
0.200889
0.200946
0.201003
0.20106
0.201117
0.201174
0.201231
0.201288
0.201345
0.201402
0.201459
0.201515
0.201572
0.201629
0.201686
0.201743
0.2018
0.201857
0.201914
0.201971
0.202028
0.202085
0.202142
0.202199
0.202256
0.202313
0.20237
0.202427
0.202484
0.202541
0.202598
0.202655
0.202712
0.202769
0.202826
0.202883
0.20294
0.202997
0.203054
0.203111
0.203168
0.203225
0.203282
0.203339
0.203396
0.203453
0.20351
0.203567
0.203624
0.20368
0.203737
0.203794
0.203851
0.203908
0.203965
0.204022
0.204079
0.204136
0.204193
0.20425
0.204307
0.204364
0.204421
0.204478
0.204535
0.204592
0.204649
0.204706
0.204763
0.20482
0.204877
0.204934
0.204991
0.205048
0.205105
0.205162
0.205219
0.205276
0.205333
0.20539
0.205447
0.205504
0.205561
0.205618
0.205675
0.205732
0.205789
0.205845
0.205902
0.205959
0.206016
0.206073
0.20613
0.206187
0.206244
0.206301
0.206358
0.206415
0.206472
0.206529
0.206586
0.206643
0.2067
0.206757
0.206814
0.206871
0.206928
0.206985
0.207042
0.207099
0.207156
0.207213
0.20727
0.207327
0.207384
0.207441
0.207498
0.207555
0.207612
0.207669
0.207726
0.207783
0.20784
0.207897
0.207954
0.20801
0.208067
0.208124
0.208181
0.208238
0.208295
0.208352
0.208409
0.208466
0.208523
0.20858
0.208637
0.208694
0.208751
0.208808
0.208865
0.208922
0.208979
0.209036
0.209093
0.20915
0.209207
0.209264
0.209321
0.209378
0.209435
0.209492
0.209549
0.209606
0.209663
0.20972
0.209777
0.209834
0.209891
0.209948
0.210005
0.210062
0.210119
0.210175
0.210232
0.210289
0.210346
0.210403
0.21046
0.210517
0.210574
0.210631
0.210688
0.210745
0.210802
0.210859
0.210916
0.210973
0.21103
0.211087
0.211144
0.211201
0.211258
0.211315
0.211372
0.211429
0.211486
0.211543
0.2116
0.211657
0.211714
0.211771
0.211828
0.211885
0.211942
0.211999
0.212056
0.212113
0.21217
0.212227
0.212284
0.21234
0.212397
0.212454
0.212511
0.212568
0.212625
0.212682
0.212739
0.212796
0.212853
0.21291
0.212967
0.213024
0.213081
0.213138
0.213195
0.213252
0.213309
0.213366
0.213423
0.21348
0.213537
0.213594
0.213651
0.213708
0.213765
0.213822
0.213879
0.213936
0.213993
0.21405
0.214107
0.214164
0.214221
0.214278
0.214335
0.214392
0.214448
0.214505
0.214562
0.214619
0.214676
0.214733
0.21479
0.214847
0.214904
0.214961
0.215018
0.215075
0.215132
0.215189
0.215246
0.215303
0.21536
0.215417
0.215474
0.215531
0.215588
0.215645
0.215702
0.215759
0.215816
0.215873
0.21593
0.215987
0.216044
0.216101
0.216158
0.216215
0.216272
0.216329
0.216386
0.216443
0.2165
0.216557
0.216613
0.21667
0.216727
0.216784
0.216841
0.216898
0.216955
0.217012
0.217069
0.217126
0.217183
0.21724
0.217297
0.217354
0.217411
0.217468
0.217525
0.217582
0.217639
0.217696
0.217753
0.21781
0.217867
0.217924
0.217981
0.218038
0.218095
0.218152
0.218209
0.218266
0.218323
0.21838
0.218437
0.218494
0.218551
0.218608
0.218665
0.218722
0.218778
0.218835
0.218892
0.218949
0.219006
0.219063
0.21912
0.219177
0.219234
0.219291
0.219348
0.219405
0.219462
0.219519
0.219576
0.219633
0.21969
0.219747
0.219804
0.219861
0.219918
0.219975
0.220032
0.220089
0.220146
0.220203
0.22026
0.220317
0.220374
0.220431
0.220488
0.220545
0.220602
0.220659
0.220716
0.220773
0.22083
0.220887
0.220943
0.221
0.221057
0.221114
0.221171
0.221228
0.221285
0.221342
0.221399
0.221456
0.221513
0.22157
0.221627
0.221684
0.221741
0.221798
0.221855
0.221912
0.221969
0.222026
0.222083
0.22214
0.222197
0.222254
0.222311
0.222368
0.222425
0.222482
0.222539
0.222596
0.222653
0.22271
0.222767
0.222824
0.222881
0.222938
0.222995
0.223052
0.223108
0.223165
0.223222
0.223279
0.223336
0.223393
0.22345
0.223507
0.223564
0.223621
0.223678
0.223735
0.223792
0.223849
0.223906
0.223963
0.22402
0.224077
0.224134
0.224191
0.224248
0.224305
0.224362
0.224419
0.224476
0.224533
0.22459
0.224647
0.224704
0.224761
0.224818
0.224875
0.224932
0.224989
0.225046
0.225103
0.22516
0.225216
0.225273
0.22533
0.225387
0.225444
0.225501
0.225558
0.225615
0.225672
0.225729
0.225786
0.225843
0.2259
0.225957
0.226014
0.226071
0.226128
0.226185
0.226242
0.226299
0.226356
0.226413
0.22647
0.226527
0.226584
0.226641
0.226698
0.226755
0.226812
0.226869
0.226926
0.226983
0.22704
0.227097
0.227154
0.227211
0.227268
0.227325
0.227381
0.227438
0.227495
0.227552
0.227609
0.227666
0.227723
0.22778
0.227837
0.227894
0.227951
0.228008
0.228065
0.228122
0.228179
0.228236
0.228293
0.22835
0.228407
0.228464
0.228521
0.228578
0.228635
0.228692
0.228749
0.228806
0.228863
0.22892
0.228977
0.229034
0.229091
0.229148
0.229205
0.229262
0.229319
0.229376
0.229433
0.22949
0.229546
0.229603
0.22966
0.229717
0.229774
0.229831
0.229888
0.229945
0.230002
0.230059
0.230116
0.230173
0.23023
0.230287
0.230344
0.230401
0.230458
0.230515
0.230572
0.230629
0.230686
0.230743
0.2308
0.230857
0.230914
0.230971
0.231028
0.231085
0.231142
0.231199
0.231256
0.231313
0.23137
0.231427
0.231484
0.231541
0.231598
0.231655
0.231711
0.231768
0.231825
0.231882
0.231939
0.231996
0.232053
0.23211
0.232167
0.232224
0.232281
0.232338
0.232395
0.232452
0.232509
0.232566
0.232623
0.23268
0.232737
0.232794
0.232851
0.232908
0.232965
0.233022
0.233079
0.233136
0.233193
0.23325
0.233307
0.233364
0.233421
0.233478
0.233535
0.233592
0.233649
0.233706
0.233763
0.23382
0.233876
0.233933
0.23399
0.234047
0.234104
0.234161
0.234218
0.234275
0.234332
0.234389
0.234446
0.234503
0.23456
0.234617
0.234674
0.234731
0.234788
0.234845
0.234902
0.234959
0.235016
0.235073
0.23513
0.235187
0.235244
0.235301
0.235358
0.235415
0.235472
0.235529
0.235586
0.235643
0.2357
0.235757
0.235814
0.235871
0.235928
0.235985
0.236041
0.236098
0.236155
0.236212
0.236269
0.236326
0.236383
0.23644
0.236497
0.236554
0.236611
0.236668
0.236725
0.236782
0.236839
0.236896
0.236953
0.23701
0.237067
0.237124
0.237181
0.237238
0.237295
0.237352
0.237409
0.237466
0.237523
0.23758
0.237637
0.237694
0.237751
0.237808
0.237865
0.237922
0.237979
0.238036
0.238093
0.238149
0.238206
0.238263
0.23832
0.238377
0.238434
0.238491
0.238548
0.238605
0.238662
0.238719
0.238776
0.238833
0.23889
0.238947
0.239004
0.239061
0.239118
0.239175
0.239232
0.239289
0.239346
0.239403
0.23946
0.239517
0.239574
0.239631
0.239688
0.239745
0.239802
0.239859
0.239916
0.239973
0.24003
0.240087
0.240144
0.240201
0.240258
0.240314
0.240371
0.240428
0.240485
0.240542
0.240599
0.240656
0.240713
0.24077
0.240827
0.240884
0.240941
0.240998
0.241055
0.241112
0.241169
0.241226
0.241283
0.24134
0.241397
0.241454
0.241511
0.241568
0.241625
0.241682
0.241739
0.241796
0.241853
0.24191
0.241967
0.242024
0.242081
0.242138
0.242195
0.242252
0.242309
0.242366
0.242423
0.242479
0.242536
0.242593
0.24265
0.242707
0.242764
0.242821
0.242878
0.242935
0.242992
0.243049
0.243106
0.243163
0.24322
0.243277
0.243334
0.243391
0.243448
0.243505
0.243562
0.243619
0.243676
0.243733
0.24379
0.243847
0.243904
0.243961
0.244018
0.244075
0.244132
0.244189
0.244246
0.244303
0.24436
0.244417
0.244474
0.244531
0.244588
0.244644
0.244701
0.244758
0.244815
0.244872
0.244929
0.244986
0.245043
0.2451
0.245157
0.245214
0.245271
0.245328
0.245385
0.245442
0.245499
0.245556
0.245613
0.24567
0.245727
0.245784
0.245841
0.245898
0.245955
0.246012
0.246069
0.246126
0.246183
0.24624
0.246297
0.246354
0.246411
0.246468
0.246525
0.246582
0.246639
0.246696
0.246753
0.246809
0.246866
0.246923
0.24698
0.247037
0.247094
0.247151
0.247208
0.247265
0.247322
0.247379
0.247436
0.247493
0.24755
0.247607
0.247664
0.247721
0.247778
0.247835
0.247892
0.247949
0.248006
0.248063
0.24812
0.248177
0.248234
0.248291
0.248348
0.248405
0.248462
0.248519
0.248576
0.248633
0.24869
0.248747
0.248804
0.248861
0.248918
0.248974
0.249031
0.249088
0.249145
0.249202
0.249259
0.249316
0.249373
0.24943
0.249487
0.249544
0.249601
0.249658
0.249715
0.249772
0.249829
0.249886
0.249943
0.25
0.250057
0.250114
0.250171
0.250228
0.250285
0.250342
0.250399
0.250456
0.250513
0.25057
0.250627
0.250684
0.250741
0.250798
0.250855
0.250912
0.250969
0.251026
0.251082
0.251139
0.251196
0.251253
0.25131
0.251367
0.251424
0.251481
0.251538
0.251595
0.251652
0.251709
0.251766
0.251823
0.25188
0.251937
0.251994
0.252051
0.252108
0.252165
0.252222
0.252279
0.252336
0.252393
0.25245
0.252507
0.252564
0.252621
0.252678
0.252735
0.252792
0.252849
0.252906
0.252963
0.25302
0.253077
0.253134
0.253191
0.253247
0.253304
0.253361
0.253418
0.253475
0.253532
0.253589
0.253646
0.253703
0.25376
0.253817
0.253874
0.253931
0.253988
0.254045
0.254102
0.254159
0.254216
0.254273
0.25433
0.254387
0.254444
0.254501
0.254558
0.254615
0.254672
0.254729
0.254786
0.254843
0.2549
0.254957
0.255014
0.255071
0.255128
0.255185
0.255242
0.255299
0.255356
0.255412
0.255469
0.255526
0.255583
0.25564
0.255697
0.255754
0.255811
0.255868
0.255925
0.255982
0.256039
0.256096
0.256153
0.25621
0.256267
0.256324
0.256381
0.256438
0.256495
0.256552
0.256609
0.256666
0.256723
0.25678
0.256837
0.256894
0.256951
0.257008
0.257065
0.257122
0.257179
0.257236
0.257293
0.25735
0.257407
0.257464
0.257521
0.257577
0.257634
0.257691
0.257748
0.257805
0.257862
0.257919
0.257976
0.258033
0.25809
0.258147
0.258204
0.258261
0.258318
0.258375
0.258432
0.258489
0.258546
0.258603
0.25866
0.258717
0.258774
0.258831
0.258888
0.258945
0.259002
0.259059
0.259116
0.259173
0.25923
0.259287
0.259344
0.259401
0.259458
0.259515
0.259572
0.259629
0.259686
0.259742
0.259799
0.259856
0.259913
0.25997
0.260027
0.260084
0.260141
0.260198
0.260255
0.260312
0.260369
0.260426
0.260483
0.26054
0.260597
0.260654
0.260711
0.260768
0.260825
0.260882
0.260939
0.260996
0.261053
0.26111
0.261167
0.261224
0.261281
0.261338
0.261395
0.261452
0.261509
0.261566
0.261623
0.26168
0.261737
0.261794
0.261851
0.261907
0.261964
0.262021
0.262078
0.262135
0.262192
0.262249
0.262306
0.262363
0.26242
0.262477
0.262534
0.262591
0.262648
0.262705
0.262762
0.262819
0.262876
0.262933
0.26299
0.263047
0.263104
0.263161
0.263218
0.263275
0.263332
0.263389
0.263446
0.263503
0.26356
0.263617
0.263674
0.263731
0.263788
0.263845
0.263902
0.263959
0.264015
0.264072
0.264129
0.264186
0.264243
0.2643
0.264357
0.264414
0.264471
0.264528
0.264585
0.264642
0.264699
0.264756
0.264813
0.26487
0.264927
0.264984
0.265041
0.265098
0.265155
0.265212
0.265269
0.265326
0.265383
0.26544
0.265497
0.265554
0.265611
0.265668
0.265725
0.265782
0.265839
0.265896
0.265953
0.26601
0.266067
0.266124
0.26618
0.266237
0.266294
0.266351
0.266408
0.266465
0.266522
0.266579
0.266636
0.266693
0.26675
0.266807
0.266864
0.266921
0.266978
0.267035
0.267092
0.267149
0.267206
0.267263
0.26732
0.267377
0.267434
0.267491
0.267548
0.267605
0.267662
0.267719
0.267776
0.267833
0.26789
0.267947
0.268004
0.268061
0.268118
0.268175
0.268232
0.268289
0.268345
0.268402
0.268459
0.268516
0.268573
0.26863
0.268687
0.268744
0.268801
0.268858
0.268915
0.268972
0.269029
0.269086
0.269143
0.2692
0.269257
0.269314
0.269371
0.269428
0.269485
0.269542
0.269599
0.269656
0.269713
0.26977
0.269827
0.269884
0.269941
0.269998
0.270055
0.270112
0.270169
0.270226
0.270283
0.27034
0.270397
0.270454
0.27051
0.270567
0.270624
0.270681
0.270738
0.270795
0.270852
0.270909
0.270966
0.271023
0.27108
0.271137
0.271194
0.271251
0.271308
0.271365
0.271422
0.271479
0.271536
0.271593
0.27165
0.271707
0.271764
0.271821
0.271878
0.271935
0.271992
0.272049
0.272106
0.272163
0.27222
0.272277
0.272334
0.272391
0.272448
0.272505
0.272562
0.272619
0.272675
0.272732
0.272789
0.272846
0.272903
0.27296
0.273017
0.273074
0.273131
0.273188
0.273245
0.273302
0.273359
0.273416
0.273473
0.27353
0.273587
0.273644
0.273701
0.273758
0.273815
0.273872
0.273929
0.273986
0.274043
0.2741
0.274157
0.274214
0.274271
0.274328
0.274385
0.274442
0.274499
0.274556
0.274613
0.27467
0.274727
0.274784
0.27484
0.274897
0.274954
0.275011
0.275068
0.275125
0.275182
0.275239
0.275296
0.275353
0.27541
0.275467
0.275524
0.275581
0.275638
0.275695
0.275752
0.275809
0.275866
0.275923
0.27598
0.276037
0.276094
0.276151
0.276208
0.276265
0.276322
0.276379
0.276436
0.276493
0.27655
0.276607
0.276664
0.276721
0.276778
0.276835
0.276892
0.276948
0.277005
0.277062
0.277119
0.277176
0.277233
0.27729
0.277347
0.277404
0.277461
0.277518
0.277575
0.277632
0.277689
0.277746
0.277803
0.27786
0.277917
0.277974
0.278031
0.278088
0.278145
0.278202
0.278259
0.278316
0.278373
0.27843
0.278487
0.278544
0.278601
0.278658
0.278715
0.278772
0.278829
0.278886
0.278943
0.279
0.279057
0.279113
0.27917
0.279227
0.279284
0.279341
0.279398
0.279455
0.279512
0.279569
0.279626
0.279683
0.27974
0.279797
0.279854
0.279911
0.279968
0.280025
0.280082
0.280139
0.280196
0.280253
0.28031
0.280367
0.280424
0.280481
0.280538
0.280595
0.280652
0.280709
0.280766
0.280823
0.28088
0.280937
0.280994
0.281051
0.281108
0.281165
0.281222
0.281278
0.281335
0.281392
0.281449
0.281506
0.281563
0.28162
0.281677
0.281734
0.281791
0.281848
0.281905
0.281962
0.282019
0.282076
0.282133
0.28219
0.282247
0.282304
0.282361
0.282418
0.282475
0.282532
0.282589
0.282646
0.282703
0.28276
0.282817
0.282874
0.282931
0.282988
0.283045
0.283102
0.283159
0.283216
0.283273
0.28333
0.283387
0.283443
0.2835
0.283557
0.283614
0.283671
0.283728
0.283785
0.283842
0.283899
0.283956
0.284013
0.28407
0.284127
0.284184
0.284241
0.284298
0.284355
0.284412
0.284469
0.284526
0.284583
0.28464
0.284697
0.284754
0.284811
0.284868
0.284925
0.284982
0.285039
0.285096
0.285153
0.28521
0.285267
0.285324
0.285381
0.285438
0.285495
0.285552
0.285608
0.285665
0.285722
0.285779
0.285836
0.285893
0.28595
0.286007
0.286064
0.286121
0.286178
0.286235
0.286292
0.286349
0.286406
0.286463
0.28652
0.286577
0.286634
0.286691
0.286748
0.286805
0.286862
0.286919
0.286976
0.287033
0.28709
0.287147
0.287204
0.287261
0.287318
0.287375
0.287432
0.287489
0.287546
0.287603
0.28766
0.287716
0.287773
0.28783
0.287887
0.287944
0.288001
0.288058
0.288115
0.288172
0.288229
0.288286
0.288343
0.2884
0.288457
0.288514
0.288571
0.288628
0.288685
0.288742
0.288799
0.288856
0.288913
0.28897
0.289027
0.289084
0.289141
0.289198
0.289255
0.289312
0.289369
0.289426
0.289483
0.28954
0.289597
0.289654
0.289711
0.289768
0.289825
0.289881
0.289938
0.289995
0.290052
0.290109
0.290166
0.290223
0.29028
0.290337
0.290394
0.290451
0.290508
0.290565
0.290622
0.290679
0.290736
0.290793
0.29085
0.290907
0.290964
0.291021
0.291078
0.291135
0.291192
0.291249
0.291306
0.291363
0.29142
0.291477
0.291534
0.291591
0.291648
0.291705
0.291762
0.291819
0.291876
0.291933
0.29199
0.292046
0.292103
0.29216
0.292217
0.292274
0.292331
0.292388
0.292445
0.292502
0.292559
0.292616
0.292673
0.29273
0.292787
0.292844
0.292901
0.292958
0.293015
0.293072
0.293129
0.293186
0.293243
0.2933
0.293357
0.293414
0.293471
0.293528
0.293585
0.293642
0.293699
0.293756
0.293813
0.29387
0.293927
0.293984
0.294041
0.294098
0.294155
0.294211
0.294268
0.294325
0.294382
0.294439
0.294496
0.294553
0.29461
0.294667
0.294724
0.294781
0.294838
0.294895
0.294952
0.295009
0.295066
0.295123
0.29518
0.295237
0.295294
0.295351
0.295408
0.295465
0.295522
0.295579
0.295636
0.295693
0.29575
0.295807
0.295864
0.295921
0.295978
0.296035
0.296092
0.296149
0.296206
0.296263
0.29632
0.296376
0.296433
0.29649
0.296547
0.296604
0.296661
0.296718
0.296775
0.296832
0.296889
0.296946
0.297003
0.29706
0.297117
0.297174
0.297231
0.297288
0.297345
0.297402
0.297459
0.297516
0.297573
0.29763
0.297687
0.297744
0.297801
0.297858
0.297915
0.297972
0.298029
0.298086
0.298143
0.2982
0.298257
0.298314
0.298371
0.298428
0.298485
0.298541
0.298598
0.298655
0.298712
0.298769
0.298826
0.298883
0.29894
0.298997
0.299054
0.299111
0.299168
0.299225
0.299282
0.299339
0.299396
0.299453
0.29951
0.299567
0.299624
0.299681
0.299738
0.299795
0.299852
0.299909
0.299966
0.300023
0.30008
0.300137
0.300194
0.300251
0.300308
0.300365
0.300422
0.300479
0.300536
0.300593
0.300649
0.300706
0.300763
0.30082
0.300877
0.300934
0.300991
0.301048
0.301105
0.301162
0.301219
0.301276
0.301333
0.30139
0.301447
0.301504
0.301561
0.301618
0.301675
0.301732
0.301789
0.301846
0.301903
0.30196
0.302017
0.302074
0.302131
0.302188
0.302245
0.302302
0.302359
0.302416
0.302473
0.30253
0.302587
0.302644
0.302701
0.302758
0.302814
0.302871
0.302928
0.302985
0.303042
0.303099
0.303156
0.303213
0.30327
0.303327
0.303384
0.303441
0.303498
0.303555
0.303612
0.303669
0.303726
0.303783
0.30384
0.303897
0.303954
0.304011
0.304068
0.304125
0.304182
0.304239
0.304296
0.304353
0.30441
0.304467
0.304524
0.304581
0.304638
0.304695
0.304752
0.304809
0.304866
0.304923
0.304979
0.305036
0.305093
0.30515
0.305207
0.305264
0.305321
0.305378
0.305435
0.305492
0.305549
0.305606
0.305663
0.30572
0.305777
0.305834
0.305891
0.305948
0.306005
0.306062
0.306119
0.306176
0.306233
0.30629
0.306347
0.306404
0.306461
0.306518
0.306575
0.306632
0.306689
0.306746
0.306803
0.30686
0.306917
0.306974
0.307031
0.307088
0.307144
0.307201
0.307258
0.307315
0.307372
0.307429
0.307486
0.307543
0.3076
0.307657
0.307714
0.307771
0.307828
0.307885
0.307942
0.307999
0.308056
0.308113
0.30817
0.308227
0.308284
0.308341
0.308398
0.308455
0.308512
0.308569
0.308626
0.308683
0.30874
0.308797
0.308854
0.308911
0.308968
0.309025
0.309082
0.309139
0.309196
0.309253
0.309309
0.309366
0.309423
0.30948
0.309537
0.309594
0.309651
0.309708
0.309765
0.309822
0.309879
0.309936
0.309993
0.31005
0.310107
0.310164
0.310221
0.310278
0.310335
0.310392
0.310449
0.310506
0.310563
0.31062
0.310677
0.310734
0.310791
0.310848
0.310905
0.310962
0.311019
0.311076
0.311133
0.31119
0.311247
0.311304
0.311361
0.311418
0.311474
0.311531
0.311588
0.311645
0.311702
0.311759
0.311816
0.311873
0.31193
0.311987
0.312044
0.312101
0.312158
0.312215
0.312272
0.312329
0.312386
0.312443
0.3125
0.312557
0.312614
0.312671
0.312728
0.312785
0.312842
0.312899
0.312956
0.313013
0.31307
0.313127
0.313184
0.313241
0.313298
0.313355
0.313412
0.313469
0.313526
0.313582
0.313639
0.313696
0.313753
0.31381
0.313867
0.313924
0.313981
0.314038
0.314095
0.314152
0.314209
0.314266
0.314323
0.31438
0.314437
0.314494
0.314551
0.314608
0.314665
0.314722
0.314779
0.314836
0.314893
0.31495
0.315007
0.315064
0.315121
0.315178
0.315235
0.315292
0.315349
0.315406
0.315463
0.31552
0.315577
0.315634
0.315691
0.315747
0.315804
0.315861
0.315918
0.315975
0.316032
0.316089
0.316146
0.316203
0.31626
0.316317
0.316374
0.316431
0.316488
0.316545
0.316602
0.316659
0.316716
0.316773
0.31683
0.316887
0.316944
0.317001
0.317058
0.317115
0.317172
0.317229
0.317286
0.317343
0.3174
0.317457
0.317514
0.317571
0.317628
0.317685
0.317742
0.317799
0.317856
0.317912
0.317969
0.318026
0.318083
0.31814
0.318197
0.318254
0.318311
0.318368
0.318425
0.318482
0.318539
0.318596
0.318653
0.31871
0.318767
0.318824
0.318881
0.318938
0.318995
0.319052
0.319109
0.319166
0.319223
0.31928
0.319337
0.319394
0.319451
0.319508
0.319565
0.319622
0.319679
0.319736
0.319793
0.31985
0.319907
0.319964
0.320021
0.320077
0.320134
0.320191
0.320248
0.320305
0.320362
0.320419
0.320476
0.320533
0.32059
0.320647
0.320704
0.320761
0.320818
0.320875
0.320932
0.320989
0.321046
0.321103
0.32116
0.321217
0.321274
0.321331
0.321388
0.321445
0.321502
0.321559
0.321616
0.321673
0.32173
0.321787
0.321844
0.321901
0.321958
0.322015
0.322072
0.322129
0.322186
0.322242
0.322299
0.322356
0.322413
0.32247
0.322527
0.322584
0.322641
0.322698
0.322755
0.322812
0.322869
0.322926
0.322983
0.32304
0.323097
0.323154
0.323211
0.323268
0.323325
0.323382
0.323439
0.323496
0.323553
0.32361
0.323667
0.323724
0.323781
0.323838
0.323895
0.323952
0.324009
0.324066
0.324123
0.32418
0.324237
0.324294
0.324351
0.324407
0.324464
0.324521
0.324578
0.324635
0.324692
0.324749
0.324806
0.324863
0.32492
0.324977
0.325034
0.325091
0.325148
0.325205
0.325262
0.325319
0.325376
0.325433
0.32549
0.325547
0.325604
0.325661
0.325718
0.325775
0.325832
0.325889
0.325946
0.326003
0.32606
0.326117
0.326174
0.326231
0.326288
0.326345
0.326402
0.326459
0.326515
0.326572
0.326629
0.326686
0.326743
0.3268
0.326857
0.326914
0.326971
0.327028
0.327085
0.327142
0.327199
0.327256
0.327313
0.32737
0.327427
0.327484
0.327541
0.327598
0.327655
0.327712
0.327769
0.327826
0.327883
0.32794
0.327997
0.328054
0.328111
0.328168
0.328225
0.328282
0.328339
0.328396
0.328453
0.32851
0.328567
0.328624
0.32868
0.328737
0.328794
0.328851
0.328908
0.328965
0.329022
0.329079
0.329136
0.329193
0.32925
0.329307
0.329364
0.329421
0.329478
0.329535
0.329592
0.329649
0.329706
0.329763
0.32982
0.329877
0.329934
0.329991
0.330048
0.330105
0.330162
0.330219
0.330276
0.330333
0.33039
0.330447
0.330504
0.330561
0.330618
0.330675
0.330732
0.330789
0.330845
0.330902
0.330959
0.331016
0.331073
0.33113
0.331187
0.331244
0.331301
0.331358
0.331415
0.331472
0.331529
0.331586
0.331643
0.3317
0.331757
0.331814
0.331871
0.331928
0.331985
0.332042
0.332099
0.332156
0.332213
0.33227
0.332327
0.332384
0.332441
0.332498
0.332555
0.332612
0.332669
0.332726
0.332783
0.33284
0.332897
0.332954
0.33301
0.333067
0.333124
0.333181
0.333238
0.333295
0.333352
0.333409
0.333466
0.333523
0.33358
0.333637
0.333694
0.333751
0.333808
0.333865
0.333922
0.333979
0.334036
0.334093
0.33415
0.334207
0.334264
0.334321
0.334378
0.334435
0.334492
0.334549
0.334606
0.334663
0.33472
0.334777
0.334834
0.334891
0.334948
0.335005
0.335062
0.335119
0.335175
0.335232
0.335289
0.335346
0.335403
0.33546
0.335517
0.335574
0.335631
0.335688
0.335745
0.335802
0.335859
0.335916
0.335973
0.33603
0.336087
0.336144
0.336201
0.336258
0.336315
0.336372
0.336429
0.336486
0.336543
0.3366
0.336657
0.336714
0.336771
0.336828
0.336885
0.336942
0.336999
0.337056
0.337113
0.33717
0.337227
0.337284
0.33734
0.337397
0.337454
0.337511
0.337568
0.337625
0.337682
0.337739
0.337796
0.337853
0.33791
0.337967
0.338024
0.338081
0.338138
0.338195
0.338252
0.338309
0.338366
0.338423
0.33848
0.338537
0.338594
0.338651
0.338708
0.338765
0.338822
0.338879
0.338936
0.338993
0.33905
0.339107
0.339164
0.339221
0.339278
0.339335
0.339392
0.339448
0.339505
0.339562
0.339619
0.339676
0.339733
0.33979
0.339847
0.339904
0.339961
0.340018
0.340075
0.340132
0.340189
0.340246
0.340303
0.34036
0.340417
0.340474
0.340531
0.340588
0.340645
0.340702
0.340759
0.340816
0.340873
0.34093
0.340987
0.341044
0.341101
0.341158
0.341215
0.341272
0.341329
0.341386
0.341443
0.3415
0.341557
0.341613
0.34167
0.341727
0.341784
0.341841
0.341898
0.341955
0.342012
0.342069
0.342126
0.342183
0.34224
0.342297
0.342354
0.342411
0.342468
0.342525
0.342582
0.342639
0.342696
0.342753
0.34281
0.342867
0.342924
0.342981
0.343038
0.343095
0.343152
0.343209
0.343266
0.343323
0.34338
0.343437
0.343494
0.343551
0.343608
0.343665
0.343722
0.343778
0.343835
0.343892
0.343949
0.344006
0.344063
0.34412
0.344177
0.344234
0.344291
0.344348
0.344405
0.344462
0.344519
0.344576
0.344633
0.34469
0.344747
0.344804
0.344861
0.344918
0.344975
0.345032
0.345089
0.345146
0.345203
0.34526
0.345317
0.345374
0.345431
0.345488
0.345545
0.345602
0.345659
0.345716
0.345773
0.34583
0.345887
0.345943
0.346
0.346057
0.346114
0.346171
0.346228
0.346285
0.346342
0.346399
0.346456
0.346513
0.34657
0.346627
0.346684
0.346741
0.346798
0.346855
0.346912
0.346969
0.347026
0.347083
0.34714
0.347197
0.347254
0.347311
0.347368
0.347425
0.347482
0.347539
0.347596
0.347653
0.34771
0.347767
0.347824
0.347881
0.347938
0.347995
0.348052
0.348108
0.348165
0.348222
0.348279
0.348336
0.348393
0.34845
0.348507
0.348564
0.348621
0.348678
0.348735
0.348792
0.348849
0.348906
0.348963
0.34902
0.349077
0.349134
0.349191
0.349248
0.349305
0.349362
0.349419
0.349476
0.349533
0.34959
0.349647
0.349704
0.349761
0.349818
0.349875
0.349932
0.349989
0.350046
0.350103
0.35016
0.350216
0.350273
0.35033
0.350387
0.350444
0.350501
0.350558
0.350615
0.350672
0.350729
0.350786
0.350843
0.3509
0.350957
0.351014
0.351071
0.351128
0.351185
0.351242
0.351299
0.351356
0.351413
0.35147
0.351527
0.351584
0.351641
0.351698
0.351755
0.351812
0.351869
0.351926
0.351983
0.35204
0.352097
0.352154
0.352211
0.352268
0.352325
0.352381
0.352438
0.352495
0.352552
0.352609
0.352666
0.352723
0.35278
0.352837
0.352894
0.352951
0.353008
0.353065
0.353122
0.353179
0.353236
0.353293
0.35335
0.353407
0.353464
0.353521
0.353578
0.353635
0.353692
0.353749
0.353806
0.353863
0.35392
0.353977
0.354034
0.354091
0.354148
0.354205
0.354262
0.354319
0.354376
0.354433
0.35449
0.354546
0.354603
0.35466
0.354717
0.354774
0.354831
0.354888
0.354945
0.355002
0.355059
0.355116
0.355173
0.35523
0.355287
0.355344
0.355401
0.355458
0.355515
0.355572
0.355629
0.355686
0.355743
0.3558
0.355857
0.355914
0.355971
0.356028
0.356085
0.356142
0.356199
0.356256
0.356313
0.35637
0.356427
0.356484
0.356541
0.356598
0.356655
0.356711
0.356768
0.356825
0.356882
0.356939
0.356996
0.357053
0.35711
0.357167
0.357224
0.357281
0.357338
0.357395
0.357452
0.357509
0.357566
0.357623
0.35768
0.357737
0.357794
0.357851
0.357908
0.357965
0.358022
0.358079
0.358136
0.358193
0.35825
0.358307
0.358364
0.358421
0.358478
0.358535
0.358592
0.358649
0.358706
0.358763
0.35882
0.358876
0.358933
0.35899
0.359047
0.359104
0.359161
0.359218
0.359275
0.359332
0.359389
0.359446
0.359503
0.35956
0.359617
0.359674
0.359731
0.359788
0.359845
0.359902
0.359959
0.360016
0.360073
0.36013
0.360187
0.360244
0.360301
0.360358
0.360415
0.360472
0.360529
0.360586
0.360643
0.3607
0.360757
0.360814
0.360871
0.360928
0.360985
0.361041
0.361098
0.361155
0.361212
0.361269
0.361326
0.361383
0.36144
0.361497
0.361554
0.361611
0.361668
0.361725
0.361782
0.361839
0.361896
0.361953
0.36201
0.362067
0.362124
0.362181
0.362238
0.362295
0.362352
0.362409
0.362466
0.362523
0.36258
0.362637
0.362694
0.362751
0.362808
0.362865
0.362922
0.362979
0.363036
0.363093
0.363149
0.363206
0.363263
0.36332
0.363377
0.363434
0.363491
0.363548
0.363605
0.363662
0.363719
0.363776
0.363833
0.36389
0.363947
0.364004
0.364061
0.364118
0.364175
0.364232
0.364289
0.364346
0.364403
0.36446
0.364517
0.364574
0.364631
0.364688
0.364745
0.364802
0.364859
0.364916
0.364973
0.36503
0.365087
0.365144
0.365201
0.365258
0.365314
0.365371
0.365428
0.365485
0.365542
0.365599
0.365656
0.365713
0.36577
0.365827
0.365884
0.365941
0.365998
0.366055
0.366112
0.366169
0.366226
0.366283
0.36634
0.366397
0.366454
0.366511
0.366568
0.366625
0.366682
0.366739
0.366796
0.366853
0.36691
0.366967
0.367024
0.367081
0.367138
0.367195
0.367252
0.367309
0.367366
0.367423
0.367479
0.367536
0.367593
0.36765
0.367707
0.367764
0.367821
0.367878
0.367935
0.367992
0.368049
0.368106
0.368163
0.36822
0.368277
0.368334
0.368391
0.368448
0.368505
0.368562
0.368619
0.368676
0.368733
0.36879
0.368847
0.368904
0.368961
0.369018
0.369075
0.369132
0.369189
0.369246
0.369303
0.36936
0.369417
0.369474
0.369531
0.369588
0.369644
0.369701
0.369758
0.369815
0.369872
0.369929
0.369986
0.370043
0.3701
0.370157
0.370214
0.370271
0.370328
0.370385
0.370442
0.370499
0.370556
0.370613
0.37067
0.370727
0.370784
0.370841
0.370898
0.370955
0.371012
0.371069
0.371126
0.371183
0.37124
0.371297
0.371354
0.371411
0.371468
0.371525
0.371582
0.371639
0.371696
0.371753
0.371809
0.371866
0.371923
0.37198
0.372037
0.372094
0.372151
0.372208
0.372265
0.372322
0.372379
0.372436
0.372493
0.37255
0.372607
0.372664
0.372721
0.372778
0.372835
0.372892
0.372949
0.373006
0.373063
0.37312
0.373177
0.373234
0.373291
0.373348
0.373405
0.373462
0.373519
0.373576
0.373633
0.37369
0.373747
0.373804
0.373861
0.373918
0.373974
0.374031
0.374088
0.374145
0.374202
0.374259
0.374316
0.374373
0.37443
0.374487
0.374544
0.374601
0.374658
0.374715
0.374772
0.374829
0.374886
0.374943
0.375
0.375057
0.375114
0.375171
0.375228
0.375285
0.375342
0.375399
0.375456
0.375513
0.37557
0.375627
0.375684
0.375741
0.375798
0.375855
0.375912
0.375969
0.376026
0.376082
0.376139
0.376196
0.376253
0.37631
0.376367
0.376424
0.376481
0.376538
0.376595
0.376652
0.376709
0.376766
0.376823
0.37688
0.376937
0.376994
0.377051
0.377108
0.377165
0.377222
0.377279
0.377336
0.377393
0.37745
0.377507
0.377564
0.377621
0.377678
0.377735
0.377792
0.377849
0.377906
0.377963
0.37802
0.378077
0.378134
0.378191
0.378247
0.378304
0.378361
0.378418
0.378475
0.378532
0.378589
0.378646
0.378703
0.37876
0.378817
0.378874
0.378931
0.378988
0.379045
0.379102
0.379159
0.379216
0.379273
0.37933
0.379387
0.379444
0.379501
0.379558
0.379615
0.379672
0.379729
0.379786
0.379843
0.3799
0.379957
0.380014
0.380071
0.380128
0.380185
0.380242
0.380299
0.380356
0.380412
0.380469
0.380526
0.380583
0.38064
0.380697
0.380754
0.380811
0.380868
0.380925
0.380982
0.381039
0.381096
0.381153
0.38121
0.381267
0.381324
0.381381
0.381438
0.381495
0.381552
0.381609
0.381666
0.381723
0.38178
0.381837
0.381894
0.381951
0.382008
0.382065
0.382122
0.382179
0.382236
0.382293
0.38235
0.382407
0.382464
0.382521
0.382577
0.382634
0.382691
0.382748
0.382805
0.382862
0.382919
0.382976
0.383033
0.38309
0.383147
0.383204
0.383261
0.383318
0.383375
0.383432
0.383489
0.383546
0.383603
0.38366
0.383717
0.383774
0.383831
0.383888
0.383945
0.384002
0.384059
0.384116
0.384173
0.38423
0.384287
0.384344
0.384401
0.384458
0.384515
0.384572
0.384629
0.384686
0.384742
0.384799
0.384856
0.384913
0.38497
0.385027
0.385084
0.385141
0.385198
0.385255
0.385312
0.385369
0.385426
0.385483
0.38554
0.385597
0.385654
0.385711
0.385768
0.385825
0.385882
0.385939
0.385996
0.386053
0.38611
0.386167
0.386224
0.386281
0.386338
0.386395
0.386452
0.386509
0.386566
0.386623
0.38668
0.386737
0.386794
0.386851
0.386907
0.386964
0.387021
0.387078
0.387135
0.387192
0.387249
0.387306
0.387363
0.38742
0.387477
0.387534
0.387591
0.387648
0.387705
0.387762
0.387819
0.387876
0.387933
0.38799
0.388047
0.388104
0.388161
0.388218
0.388275
0.388332
0.388389
0.388446
0.388503
0.38856
0.388617
0.388674
0.388731
0.388788
0.388845
0.388902
0.388959
0.389015
0.389072
0.389129
0.389186
0.389243
0.3893
0.389357
0.389414
0.389471
0.389528
0.389585
0.389642
0.389699
0.389756
0.389813
0.38987
0.389927
0.389984
0.390041
0.390098
0.390155
0.390212
0.390269
0.390326
0.390383
0.39044
0.390497
0.390554
0.390611
0.390668
0.390725
0.390782
0.390839
0.390896
0.390953
0.39101
0.391067
0.391124
0.39118
0.391237
0.391294
0.391351
0.391408
0.391465
0.391522
0.391579
0.391636
0.391693
0.39175
0.391807
0.391864
0.391921
0.391978
0.392035
0.392092
0.392149
0.392206
0.392263
0.39232
0.392377
0.392434
0.392491
0.392548
0.392605
0.392662
0.392719
0.392776
0.392833
0.39289
0.392947
0.393004
0.393061
0.393118
0.393175
0.393232
0.393289
0.393345
0.393402
0.393459
0.393516
0.393573
0.39363
0.393687
0.393744
0.393801
0.393858
0.393915
0.393972
0.394029
0.394086
0.394143
0.3942
0.394257
0.394314
0.394371
0.394428
0.394485
0.394542
0.394599
0.394656
0.394713
0.39477
0.394827
0.394884
0.394941
0.394998
0.395055
0.395112
0.395169
0.395226
0.395283
0.39534
0.395397
0.395454
0.39551
0.395567
0.395624
0.395681
0.395738
0.395795
0.395852
0.395909
0.395966
0.396023
0.39608
0.396137
0.396194
0.396251
0.396308
0.396365
0.396422
0.396479
0.396536
0.396593
0.39665
0.396707
0.396764
0.396821
0.396878
0.396935
0.396992
0.397049
0.397106
0.397163
0.39722
0.397277
0.397334
0.397391
0.397448
0.397505
0.397562
0.397619
0.397675
0.397732
0.397789
0.397846
0.397903
0.39796
0.398017
0.398074
0.398131
0.398188
0.398245
0.398302
0.398359
0.398416
0.398473
0.39853
0.398587
0.398644
0.398701
0.398758
0.398815
0.398872
0.398929
0.398986
0.399043
0.3991
0.399157
0.399214
0.399271
0.399328
0.399385
0.399442
0.399499
0.399556
0.399613
0.39967
0.399727
0.399784
0.39984
0.399897
0.399954
0.400011
0.400068
0.400125
0.400182
0.400239
0.400296
0.400353
0.40041
0.400467
0.400524
0.400581
0.400638
0.400695
0.400752
0.400809
0.400866
0.400923
0.40098
0.401037
0.401094
0.401151
0.401208
0.401265
0.401322
0.401379
0.401436
0.401493
0.40155
0.401607
0.401664
0.401721
0.401778
0.401835
0.401892
0.401948
0.402005
0.402062
0.402119
0.402176
0.402233
0.40229
0.402347
0.402404
0.402461
0.402518
0.402575
0.402632
0.402689
0.402746
0.402803
0.40286
0.402917
0.402974
0.403031
0.403088
0.403145
0.403202
0.403259
0.403316
0.403373
0.40343
0.403487
0.403544
0.403601
0.403658
0.403715
0.403772
0.403829
0.403886
0.403943
0.404
0.404057
0.404113
0.40417
0.404227
0.404284
0.404341
0.404398
0.404455
0.404512
0.404569
0.404626
0.404683
0.40474
0.404797
0.404854
0.404911
0.404968
0.405025
0.405082
0.405139
0.405196
0.405253
0.40531
0.405367
0.405424
0.405481
0.405538
0.405595
0.405652
0.405709
0.405766
0.405823
0.40588
0.405937
0.405994
0.406051
0.406108
0.406165
0.406222
0.406278
0.406335
0.406392
0.406449
0.406506
0.406563
0.40662
0.406677
0.406734
0.406791
0.406848
0.406905
0.406962
0.407019
0.407076
0.407133
0.40719
0.407247
0.407304
0.407361
0.407418
0.407475
0.407532
0.407589
0.407646
0.407703
0.40776
0.407817
0.407874
0.407931
0.407988
0.408045
0.408102
0.408159
0.408216
0.408273
0.40833
0.408387
0.408443
0.4085
0.408557
0.408614
0.408671
0.408728
0.408785
0.408842
0.408899
0.408956
0.409013
0.40907
0.409127
0.409184
0.409241
0.409298
0.409355
0.409412
0.409469
0.409526
0.409583
0.40964
0.409697
0.409754
0.409811
0.409868
0.409925
0.409982
0.410039
0.410096
0.410153
0.41021
0.410267
0.410324
0.410381
0.410438
0.410495
0.410552
0.410608
0.410665
0.410722
0.410779
0.410836
0.410893
0.41095
0.411007
0.411064
0.411121
0.411178
0.411235
0.411292
0.411349
0.411406
0.411463
0.41152
0.411577
0.411634
0.411691
0.411748
0.411805
0.411862
0.411919
0.411976
0.412033
0.41209
0.412147
0.412204
0.412261
0.412318
0.412375
0.412432
0.412489
0.412546
0.412603
0.41266
0.412716
0.412773
0.41283
0.412887
0.412944
0.413001
0.413058
0.413115
0.413172
0.413229
0.413286
0.413343
0.4134
0.413457
0.413514
0.413571
0.413628
0.413685
0.413742
0.413799
0.413856
0.413913
0.41397
0.414027
0.414084
0.414141
0.414198
0.414255
0.414312
0.414369
0.414426
0.414483
0.41454
0.414597
0.414654
0.414711
0.414768
0.414825
0.414881
0.414938
0.414995
0.415052
0.415109
0.415166
0.415223
0.41528
0.415337
0.415394
0.415451
0.415508
0.415565
0.415622
0.415679
0.415736
0.415793
0.41585
0.415907
0.415964
0.416021
0.416078
0.416135
0.416192
0.416249
0.416306
0.416363
0.41642
0.416477
0.416534
0.416591
0.416648
0.416705
0.416762
0.416819
0.416876
0.416933
0.41699
0.417046
0.417103
0.41716
0.417217
0.417274
0.417331
0.417388
0.417445
0.417502
0.417559
0.417616
0.417673
0.41773
0.417787
0.417844
0.417901
0.417958
0.418015
0.418072
0.418129
0.418186
0.418243
0.4183
0.418357
0.418414
0.418471
0.418528
0.418585
0.418642
0.418699
0.418756
0.418813
0.41887
0.418927
0.418984
0.419041
0.419098
0.419155
0.419211
0.419268
0.419325
0.419382
0.419439
0.419496
0.419553
0.41961
0.419667
0.419724
0.419781
0.419838
0.419895
0.419952
0.420009
0.420066
0.420123
0.42018
0.420237
0.420294
0.420351
0.420408
0.420465
0.420522
0.420579
0.420636
0.420693
0.42075
0.420807
0.420864
0.420921
0.420978
0.421035
0.421092
0.421149
0.421206
0.421263
0.42132
0.421376
0.421433
0.42149
0.421547
0.421604
0.421661
0.421718
0.421775
0.421832
0.421889
0.421946
0.422003
0.42206
0.422117
0.422174
0.422231
0.422288
0.422345
0.422402
0.422459
0.422516
0.422573
0.42263
0.422687
0.422744
0.422801
0.422858
0.422915
0.422972
0.423029
0.423086
0.423143
0.4232
0.423257
0.423314
0.423371
0.423428
0.423485
0.423541
0.423598
0.423655
0.423712
0.423769
0.423826
0.423883
0.42394
0.423997
0.424054
0.424111
0.424168
0.424225
0.424282
0.424339
0.424396
0.424453
0.42451
0.424567
0.424624
0.424681
0.424738
0.424795
0.424852
0.424909
0.424966
0.425023
0.42508
0.425137
0.425194
0.425251
0.425308
0.425365
0.425422
0.425479
0.425536
0.425593
0.425649
0.425706
0.425763
0.42582
0.425877
0.425934
0.425991
0.426048
0.426105
0.426162
0.426219
0.426276
0.426333
0.42639
0.426447
0.426504
0.426561
0.426618
0.426675
0.426732
0.426789
0.426846
0.426903
0.42696
0.427017
0.427074
0.427131
0.427188
0.427245
0.427302
0.427359
0.427416
0.427473
0.42753
0.427587
0.427644
0.427701
0.427758
0.427814
0.427871
0.427928
0.427985
0.428042
0.428099
0.428156
0.428213
0.42827
0.428327
0.428384
0.428441
0.428498
0.428555
0.428612
0.428669
0.428726
0.428783
0.42884
0.428897
0.428954
0.429011
0.429068
0.429125
0.429182
0.429239
0.429296
0.429353
0.42941
0.429467
0.429524
0.429581
0.429638
0.429695
0.429752
0.429809
0.429866
0.429923
0.429979
0.430036
0.430093
0.43015
0.430207
0.430264
0.430321
0.430378
0.430435
0.430492
0.430549
0.430606
0.430663
0.43072
0.430777
0.430834
0.430891
0.430948
0.431005
0.431062
0.431119
0.431176
0.431233
0.43129
0.431347
0.431404
0.431461
0.431518
0.431575
0.431632
0.431689
0.431746
0.431803
0.43186
0.431917
0.431974
0.432031
0.432088
0.432144
0.432201
0.432258
0.432315
0.432372
0.432429
0.432486
0.432543
0.4326
0.432657
0.432714
0.432771
0.432828
0.432885
0.432942
0.432999
0.433056
0.433113
0.43317
0.433227
0.433284
0.433341
0.433398
0.433455
0.433512
0.433569
0.433626
0.433683
0.43374
0.433797
0.433854
0.433911
0.433968
0.434025
0.434082
0.434139
0.434196
0.434253
0.434309
0.434366
0.434423
0.43448
0.434537
0.434594
0.434651
0.434708
0.434765
0.434822
0.434879
0.434936
0.434993
0.43505
0.435107
0.435164
0.435221
0.435278
0.435335
0.435392
0.435449
0.435506
0.435563
0.43562
0.435677
0.435734
0.435791
0.435848
0.435905
0.435962
0.436019
0.436076
0.436133
0.43619
0.436247
0.436304
0.436361
0.436418
0.436474
0.436531
0.436588
0.436645
0.436702
0.436759
0.436816
0.436873
0.43693
0.436987
0.437044
0.437101
0.437158
0.437215
0.437272
0.437329
0.437386
0.437443
0.4375
0.437557
0.437614
0.437671
0.437728
0.437785
0.437842
0.437899
0.437956
0.438013
0.43807
0.438127
0.438184
0.438241
0.438298
0.438355
0.438412
0.438469
0.438526
0.438582
0.438639
0.438696
0.438753
0.43881
0.438867
0.438924
0.438981
0.439038
0.439095
0.439152
0.439209
0.439266
0.439323
0.43938
0.439437
0.439494
0.439551
0.439608
0.439665
0.439722
0.439779
0.439836
0.439893
0.43995
0.440007
0.440064
0.440121
0.440178
0.440235
0.440292
0.440349
0.440406
0.440463
0.44052
0.440577
0.440634
0.440691
0.440747
0.440804
0.440861
0.440918
0.440975
0.441032
0.441089
0.441146
0.441203
0.44126
0.441317
0.441374
0.441431
0.441488
0.441545
0.441602
0.441659
0.441716
0.441773
0.44183
0.441887
0.441944
0.442001
0.442058
0.442115
0.442172
0.442229
0.442286
0.442343
0.4424
0.442457
0.442514
0.442571
0.442628
0.442685
0.442742
0.442799
0.442856
0.442912
0.442969
0.443026
0.443083
0.44314
0.443197
0.443254
0.443311
0.443368
0.443425
0.443482
0.443539
0.443596
0.443653
0.44371
0.443767
0.443824
0.443881
0.443938
0.443995
0.444052
0.444109
0.444166
0.444223
0.44428
0.444337
0.444394
0.444451
0.444508
0.444565
0.444622
0.444679
0.444736
0.444793
0.44485
0.444907
0.444964
0.445021
0.445077
0.445134
0.445191
0.445248
0.445305
0.445362
0.445419
0.445476
0.445533
0.44559
0.445647
0.445704
0.445761
0.445818
0.445875
0.445932
0.445989
0.446046
0.446103
0.44616
0.446217
0.446274
0.446331
0.446388
0.446445
0.446502
0.446559
0.446616
0.446673
0.44673
0.446787
0.446844
0.446901
0.446958
0.447015
0.447072
0.447129
0.447186
0.447242
0.447299
0.447356
0.447413
0.44747
0.447527
0.447584
0.447641
0.447698
0.447755
0.447812
0.447869
0.447926
0.447983
0.44804
0.448097
0.448154
0.448211
0.448268
0.448325
0.448382
0.448439
0.448496
0.448553
0.44861
0.448667
0.448724
0.448781
0.448838
0.448895
0.448952
0.449009
0.449066
0.449123
0.44918
0.449237
0.449294
0.449351
0.449407
0.449464
0.449521
0.449578
0.449635
0.449692
0.449749
0.449806
0.449863
0.44992
0.449977
0.450034
0.450091
0.450148
0.450205
0.450262
0.450319
0.450376
0.450433
0.45049
0.450547
0.450604
0.450661
0.450718
0.450775
0.450832
0.450889
0.450946
0.451003
0.45106
0.451117
0.451174
0.451231
0.451288
0.451345
0.451402
0.451459
0.451515
0.451572
0.451629
0.451686
0.451743
0.4518
0.451857
0.451914
0.451971
0.452028
0.452085
0.452142
0.452199
0.452256
0.452313
0.45237
0.452427
0.452484
0.452541
0.452598
0.452655
0.452712
0.452769
0.452826
0.452883
0.45294
0.452997
0.453054
0.453111
0.453168
0.453225
0.453282
0.453339
0.453396
0.453453
0.45351
0.453567
0.453624
0.45368
0.453737
0.453794
0.453851
0.453908
0.453965
0.454022
0.454079
0.454136
0.454193
0.45425
0.454307
0.454364
0.454421
0.454478
0.454535
0.454592
0.454649
0.454706
0.454763
0.45482
0.454877
0.454934
0.454991
0.455048
0.455105
0.455162
0.455219
0.455276
0.455333
0.45539
0.455447
0.455504
0.455561
0.455618
0.455675
0.455732
0.455789
0.455845
0.455902
0.455959
0.456016
0.456073
0.45613
0.456187
0.456244
0.456301
0.456358
0.456415
0.456472
0.456529
0.456586
0.456643
0.4567
0.456757
0.456814
0.456871
0.456928
0.456985
0.457042
0.457099
0.457156
0.457213
0.45727
0.457327
0.457384
0.457441
0.457498
0.457555
0.457612
0.457669
0.457726
0.457783
0.45784
0.457897
0.457954
0.45801
0.458067
0.458124
0.458181
0.458238
0.458295
0.458352
0.458409
0.458466
0.458523
0.45858
0.458637
0.458694
0.458751
0.458808
0.458865
0.458922
0.458979
0.459036
0.459093
0.45915
0.459207
0.459264
0.459321
0.459378
0.459435
0.459492
0.459549
0.459606
0.459663
0.45972
0.459777
0.459834
0.459891
0.459948
0.460005
0.460062
0.460119
0.460175
0.460232
0.460289
0.460346
0.460403
0.46046
0.460517
0.460574
0.460631
0.460688
0.460745
0.460802
0.460859
0.460916
0.460973
0.46103
0.461087
0.461144
0.461201
0.461258
0.461315
0.461372
0.461429
0.461486
0.461543
0.4616
0.461657
0.461714
0.461771
0.461828
0.461885
0.461942
0.461999
0.462056
0.462113
0.46217
0.462227
0.462284
0.46234
0.462397
0.462454
0.462511
0.462568
0.462625
0.462682
0.462739
0.462796
0.462853
0.46291
0.462967
0.463024
0.463081
0.463138
0.463195
0.463252
0.463309
0.463366
0.463423
0.46348
0.463537
0.463594
0.463651
0.463708
0.463765
0.463822
0.463879
0.463936
0.463993
0.46405
0.464107
0.464164
0.464221
0.464278
0.464335
0.464392
0.464448
0.464505
0.464562
0.464619
0.464676
0.464733
0.46479
0.464847
0.464904
0.464961
0.465018
0.465075
0.465132
0.465189
0.465246
0.465303
0.46536
0.465417
0.465474
0.465531
0.465588
0.465645
0.465702
0.465759
0.465816
0.465873
0.46593
0.465987
0.466044
0.466101
0.466158
0.466215
0.466272
0.466329
0.466386
0.466443
0.4665
0.466557
0.466613
0.46667
0.466727
0.466784
0.466841
0.466898
0.466955
0.467012
0.467069
0.467126
0.467183
0.46724
0.467297
0.467354
0.467411
0.467468
0.467525
0.467582
0.467639
0.467696
0.467753
0.46781
0.467867
0.467924
0.467981
0.468038
0.468095
0.468152
0.468209
0.468266
0.468323
0.46838
0.468437
0.468494
0.468551
0.468608
0.468665
0.468722
0.468778
0.468835
0.468892
0.468949
0.469006
0.469063
0.46912
0.469177
0.469234
0.469291
0.469348
0.469405
0.469462
0.469519
0.469576
0.469633
0.46969
0.469747
0.469804
0.469861
0.469918
0.469975
0.470032
0.470089
0.470146
0.470203
0.47026
0.470317
0.470374
0.470431
0.470488
0.470545
0.470602
0.470659
0.470716
0.470773
0.47083
0.470887
0.470943
0.471
0.471057
0.471114
0.471171
0.471228
0.471285
0.471342
0.471399
0.471456
0.471513
0.47157
0.471627
0.471684
0.471741
0.471798
0.471855
0.471912
0.471969
0.472026
0.472083
0.47214
0.472197
0.472254
0.472311
0.472368
0.472425
0.472482
0.472539
0.472596
0.472653
0.47271
0.472767
0.472824
0.472881
0.472938
0.472995
0.473052
0.473108
0.473165
0.473222
0.473279
0.473336
0.473393
0.47345
0.473507
0.473564
0.473621
0.473678
0.473735
0.473792
0.473849
0.473906
0.473963
0.47402
0.474077
0.474134
0.474191
0.474248
0.474305
0.474362
0.474419
0.474476
0.474533
0.47459
0.474647
0.474704
0.474761
0.474818
0.474875
0.474932
0.474989
0.475046
0.475103
0.47516
0.475216
0.475273
0.47533
0.475387
0.475444
0.475501
0.475558
0.475615
0.475672
0.475729
0.475786
0.475843
0.4759
0.475957
0.476014
0.476071
0.476128
0.476185
0.476242
0.476299
0.476356
0.476413
0.47647
0.476527
0.476584
0.476641
0.476698
0.476755
0.476812
0.476869
0.476926
0.476983
0.47704
0.477097
0.477154
0.477211
0.477268
0.477325
0.477381
0.477438
0.477495
0.477552
0.477609
0.477666
0.477723
0.47778
0.477837
0.477894
0.477951
0.478008
0.478065
0.478122
0.478179
0.478236
0.478293
0.47835
0.478407
0.478464
0.478521
0.478578
0.478635
0.478692
0.478749
0.478806
0.478863
0.47892
0.478977
0.479034
0.479091
0.479148
0.479205
0.479262
0.479319
0.479376
0.479433
0.47949
0.479546
0.479603
0.47966
0.479717
0.479774
0.479831
0.479888
0.479945
0.480002
0.480059
0.480116
0.480173
0.48023
0.480287
0.480344
0.480401
0.480458
0.480515
0.480572
0.480629
0.480686
0.480743
0.4808
0.480857
0.480914
0.480971
0.481028
0.481085
0.481142
0.481199
0.481256
0.481313
0.48137
0.481427
0.481484
0.481541
0.481598
0.481655
0.481711
0.481768
0.481825
0.481882
0.481939
0.481996
0.482053
0.48211
0.482167
0.482224
0.482281
0.482338
0.482395
0.482452
0.482509
0.482566
0.482623
0.48268
0.482737
0.482794
0.482851
0.482908
0.482965
0.483022
0.483079
0.483136
0.483193
0.48325
0.483307
0.483364
0.483421
0.483478
0.483535
0.483592
0.483649
0.483706
0.483763
0.48382
0.483876
0.483933
0.48399
0.484047
0.484104
0.484161
0.484218
0.484275
0.484332
0.484389
0.484446
0.484503
0.48456
0.484617
0.484674
0.484731
0.484788
0.484845
0.484902
0.484959
0.485016
0.485073
0.48513
0.485187
0.485244
0.485301
0.485358
0.485415
0.485472
0.485529
0.485586
0.485643
0.4857
0.485757
0.485814
0.485871
0.485928
0.485985
0.486041
0.486098
0.486155
0.486212
0.486269
0.486326
0.486383
0.48644
0.486497
0.486554
0.486611
0.486668
0.486725
0.486782
0.486839
0.486896
0.486953
0.48701
0.487067
0.487124
0.487181
0.487238
0.487295
0.487352
0.487409
0.487466
0.487523
0.48758
0.487637
0.487694
0.487751
0.487808
0.487865
0.487922
0.487979
0.488036
0.488093
0.488149
0.488206
0.488263
0.48832
0.488377
0.488434
0.488491
0.488548
0.488605
0.488662
0.488719
0.488776
0.488833
0.48889
0.488947
0.489004
0.489061
0.489118
0.489175
0.489232
0.489289
0.489346
0.489403
0.48946
0.489517
0.489574
0.489631
0.489688
0.489745
0.489802
0.489859
0.489916
0.489973
0.49003
0.490087
0.490144
0.490201
0.490258
0.490314
0.490371
0.490428
0.490485
0.490542
0.490599
0.490656
0.490713
0.49077
0.490827
0.490884
0.490941
0.490998
0.491055
0.491112
0.491169
0.491226
0.491283
0.49134
0.491397
0.491454
0.491511
0.491568
0.491625
0.491682
0.491739
0.491796
0.491853
0.49191
0.491967
0.492024
0.492081
0.492138
0.492195
0.492252
0.492309
0.492366
0.492423
0.492479
0.492536
0.492593
0.49265
0.492707
0.492764
0.492821
0.492878
0.492935
0.492992
0.493049
0.493106
0.493163
0.49322
0.493277
0.493334
0.493391
0.493448
0.493505
0.493562
0.493619
0.493676
0.493733
0.49379
0.493847
0.493904
0.493961
0.494018
0.494075
0.494132
0.494189
0.494246
0.494303
0.49436
0.494417
0.494474
0.494531
0.494588
0.494644
0.494701
0.494758
0.494815
0.494872
0.494929
0.494986
0.495043
0.4951
0.495157
0.495214
0.495271
0.495328
0.495385
0.495442
0.495499
0.495556
0.495613
0.49567
0.495727
0.495784
0.495841
0.495898
0.495955
0.496012
0.496069
0.496126
0.496183
0.49624
0.496297
0.496354
0.496411
0.496468
0.496525
0.496582
0.496639
0.496696
0.496753
0.496809
0.496866
0.496923
0.49698
0.497037
0.497094
0.497151
0.497208
0.497265
0.497322
0.497379
0.497436
0.497493
0.49755
0.497607
0.497664
0.497721
0.497778
0.497835
0.497892
0.497949
0.498006
0.498063
0.49812
0.498177
0.498234
0.498291
0.498348
0.498405
0.498462
0.498519
0.498576
0.498633
0.49869
0.498747
0.498804
0.498861
0.498918
0.498974
0.499031
0.499088
0.499145
0.499202
0.499259
0.499316
0.499373
0.49943
0.499487
0.499544
0.499601
0.499658
0.499715
0.499772
0.499829
0.499886
0.499943
0.5
0.500057
0.500114
0.500171
0.500228
0.500285
0.500342
0.500399
0.500456
0.500513
0.50057
0.500627
0.500684
0.500741
0.500798
0.500855
0.500912
0.500969
0.501026
0.501082
0.501139
0.501196
0.501253
0.50131
0.501367
0.501424
0.501481
0.501538
0.501595
0.501652
0.501709
0.501766
0.501823
0.50188
0.501937
0.501994
0.502051
0.502108
0.502165
0.502222
0.502279
0.502336
0.502393
0.50245
0.502507
0.502564
0.502621
0.502678
0.502735
0.502792
0.502849
0.502906
0.502963
0.50302
0.503077
0.503134
0.503191
0.503247
0.503304
0.503361
0.503418
0.503475
0.503532
0.503589
0.503646
0.503703
0.50376
0.503817
0.503874
0.503931
0.503988
0.504045
0.504102
0.504159
0.504216
0.504273
0.50433
0.504387
0.504444
0.504501
0.504558
0.504615
0.504672
0.504729
0.504786
0.504843
0.5049
0.504957
0.505014
0.505071
0.505128
0.505185
0.505242
0.505299
0.505356
0.505412
0.505469
0.505526
0.505583
0.50564
0.505697
0.505754
0.505811
0.505868
0.505925
0.505982
0.506039
0.506096
0.506153
0.50621
0.506267
0.506324
0.506381
0.506438
0.506495
0.506552
0.506609
0.506666
0.506723
0.50678
0.506837
0.506894
0.506951
0.507008
0.507065
0.507122
0.507179
0.507236
0.507293
0.50735
0.507407
0.507464
0.507521
0.507577
0.507634
0.507691
0.507748
0.507805
0.507862
0.507919
0.507976
0.508033
0.50809
0.508147
0.508204
0.508261
0.508318
0.508375
0.508432
0.508489
0.508546
0.508603
0.50866
0.508717
0.508774
0.508831
0.508888
0.508945
0.509002
0.509059
0.509116
0.509173
0.50923
0.509287
0.509344
0.509401
0.509458
0.509515
0.509572
0.509629
0.509686
0.509742
0.509799
0.509856
0.509913
0.50997
0.510027
0.510084
0.510141
0.510198
0.510255
0.510312
0.510369
0.510426
0.510483
0.51054
0.510597
0.510654
0.510711
0.510768
0.510825
0.510882
0.510939
0.510996
0.511053
0.51111
0.511167
0.511224
0.511281
0.511338
0.511395
0.511452
0.511509
0.511566
0.511623
0.51168
0.511737
0.511794
0.511851
0.511907
0.511964
0.512021
0.512078
0.512135
0.512192
0.512249
0.512306
0.512363
0.51242
0.512477
0.512534
0.512591
0.512648
0.512705
0.512762
0.512819
0.512876
0.512933
0.51299
0.513047
0.513104
0.513161
0.513218
0.513275
0.513332
0.513389
0.513446
0.513503
0.51356
0.513617
0.513674
0.513731
0.513788
0.513845
0.513902
0.513959
0.514015
0.514072
0.514129
0.514186
0.514243
0.5143
0.514357
0.514414
0.514471
0.514528
0.514585
0.514642
0.514699
0.514756
0.514813
0.51487
0.514927
0.514984
0.515041
0.515098
0.515155
0.515212
0.515269
0.515326
0.515383
0.51544
0.515497
0.515554
0.515611
0.515668
0.515725
0.515782
0.515839
0.515896
0.515953
0.51601
0.516067
0.516124
0.51618
0.516237
0.516294
0.516351
0.516408
0.516465
0.516522
0.516579
0.516636
0.516693
0.51675
0.516807
0.516864
0.516921
0.516978
0.517035
0.517092
0.517149
0.517206
0.517263
0.51732
0.517377
0.517434
0.517491
0.517548
0.517605
0.517662
0.517719
0.517776
0.517833
0.51789
0.517947
0.518004
0.518061
0.518118
0.518175
0.518232
0.518289
0.518345
0.518402
0.518459
0.518516
0.518573
0.51863
0.518687
0.518744
0.518801
0.518858
0.518915
0.518972
0.519029
0.519086
0.519143
0.5192
0.519257
0.519314
0.519371
0.519428
0.519485
0.519542
0.519599
0.519656
0.519713
0.51977
0.519827
0.519884
0.519941
0.519998
0.520055
0.520112
0.520169
0.520226
0.520283
0.52034
0.520397
0.520454
0.52051
0.520567
0.520624
0.520681
0.520738
0.520795
0.520852
0.520909
0.520966
0.521023
0.52108
0.521137
0.521194
0.521251
0.521308
0.521365
0.521422
0.521479
0.521536
0.521593
0.52165
0.521707
0.521764
0.521821
0.521878
0.521935
0.521992
0.522049
0.522106
0.522163
0.52222
0.522277
0.522334
0.522391
0.522448
0.522505
0.522562
0.522619
0.522675
0.522732
0.522789
0.522846
0.522903
0.52296
0.523017
0.523074
0.523131
0.523188
0.523245
0.523302
0.523359
0.523416
0.523473
0.52353
0.523587
0.523644
0.523701
0.523758
0.523815
0.523872
0.523929
0.523986
0.524043
0.5241
0.524157
0.524214
0.524271
0.524328
0.524385
0.524442
0.524499
0.524556
0.524613
0.52467
0.524727
0.524784
0.52484
0.524897
0.524954
0.525011
0.525068
0.525125
0.525182
0.525239
0.525296
0.525353
0.52541
0.525467
0.525524
0.525581
0.525638
0.525695
0.525752
0.525809
0.525866
0.525923
0.52598
0.526037
0.526094
0.526151
0.526208
0.526265
0.526322
0.526379
0.526436
0.526493
0.52655
0.526607
0.526664
0.526721
0.526778
0.526835
0.526892
0.526948
0.527005
0.527062
0.527119
0.527176
0.527233
0.52729
0.527347
0.527404
0.527461
0.527518
0.527575
0.527632
0.527689
0.527746
0.527803
0.52786
0.527917
0.527974
0.528031
0.528088
0.528145
0.528202
0.528259
0.528316
0.528373
0.52843
0.528487
0.528544
0.528601
0.528658
0.528715
0.528772
0.528829
0.528886
0.528943
0.529
0.529057
0.529113
0.52917
0.529227
0.529284
0.529341
0.529398
0.529455
0.529512
0.529569
0.529626
0.529683
0.52974
0.529797
0.529854
0.529911
0.529968
0.530025
0.530082
0.530139
0.530196
0.530253
0.53031
0.530367
0.530424
0.530481
0.530538
0.530595
0.530652
0.530709
0.530766
0.530823
0.53088
0.530937
0.530994
0.531051
0.531108
0.531165
0.531222
0.531278
0.531335
0.531392
0.531449
0.531506
0.531563
0.53162
0.531677
0.531734
0.531791
0.531848
0.531905
0.531962
0.532019
0.532076
0.532133
0.53219
0.532247
0.532304
0.532361
0.532418
0.532475
0.532532
0.532589
0.532646
0.532703
0.53276
0.532817
0.532874
0.532931
0.532988
0.533045
0.533102
0.533159
0.533216
0.533273
0.53333
0.533387
0.533443
0.5335
0.533557
0.533614
0.533671
0.533728
0.533785
0.533842
0.533899
0.533956
0.534013
0.53407
0.534127
0.534184
0.534241
0.534298
0.534355
0.534412
0.534469
0.534526
0.534583
0.53464
0.534697
0.534754
0.534811
0.534868
0.534925
0.534982
0.535039
0.535096
0.535153
0.53521
0.535267
0.535324
0.535381
0.535438
0.535495
0.535552
0.535608
0.535665
0.535722
0.535779
0.535836
0.535893
0.53595
0.536007
0.536064
0.536121
0.536178
0.536235
0.536292
0.536349
0.536406
0.536463
0.53652
0.536577
0.536634
0.536691
0.536748
0.536805
0.536862
0.536919
0.536976
0.537033
0.53709
0.537147
0.537204
0.537261
0.537318
0.537375
0.537432
0.537489
0.537546
0.537603
0.53766
0.537716
0.537773
0.53783
0.537887
0.537944
0.538001
0.538058
0.538115
0.538172
0.538229
0.538286
0.538343
0.5384
0.538457
0.538514
0.538571
0.538628
0.538685
0.538742
0.538799
0.538856
0.538913
0.53897
0.539027
0.539084
0.539141
0.539198
0.539255
0.539312
0.539369
0.539426
0.539483
0.53954
0.539597
0.539654
0.539711
0.539768
0.539825
0.539881
0.539938
0.539995
0.540052
0.540109
0.540166
0.540223
0.54028
0.540337
0.540394
0.540451
0.540508
0.540565
0.540622
0.540679
0.540736
0.540793
0.54085
0.540907
0.540964
0.541021
0.541078
0.541135
0.541192
0.541249
0.541306
0.541363
0.54142
0.541477
0.541534
0.541591
0.541648
0.541705
0.541762
0.541819
0.541876
0.541933
0.54199
0.542046
0.542103
0.54216
0.542217
0.542274
0.542331
0.542388
0.542445
0.542502
0.542559
0.542616
0.542673
0.54273
0.542787
0.542844
0.542901
0.542958
0.543015
0.543072
0.543129
0.543186
0.543243
0.5433
0.543357
0.543414
0.543471
0.543528
0.543585
0.543642
0.543699
0.543756
0.543813
0.54387
0.543927
0.543984
0.544041
0.544098
0.544155
0.544211
0.544268
0.544325
0.544382
0.544439
0.544496
0.544553
0.54461
0.544667
0.544724
0.544781
0.544838
0.544895
0.544952
0.545009
0.545066
0.545123
0.54518
0.545237
0.545294
0.545351
0.545408
0.545465
0.545522
0.545579
0.545636
0.545693
0.54575
0.545807
0.545864
0.545921
0.545978
0.546035
0.546092
0.546149
0.546206
0.546263
0.54632
0.546376
0.546433
0.54649
0.546547
0.546604
0.546661
0.546718
0.546775
0.546832
0.546889
0.546946
0.547003
0.54706
0.547117
0.547174
0.547231
0.547288
0.547345
0.547402
0.547459
0.547516
0.547573
0.54763
0.547687
0.547744
0.547801
0.547858
0.547915
0.547972
0.548029
0.548086
0.548143
0.5482
0.548257
0.548314
0.548371
0.548428
0.548485
0.548541
0.548598
0.548655
0.548712
0.548769
0.548826
0.548883
0.54894
0.548997
0.549054
0.549111
0.549168
0.549225
0.549282
0.549339
0.549396
0.549453
0.54951
0.549567
0.549624
0.549681
0.549738
0.549795
0.549852
0.549909
0.549966
0.550023
0.55008
0.550137
0.550194
0.550251
0.550308
0.550365
0.550422
0.550479
0.550536
0.550593
0.550649
0.550706
0.550763
0.55082
0.550877
0.550934
0.550991
0.551048
0.551105
0.551162
0.551219
0.551276
0.551333
0.55139
0.551447
0.551504
0.551561
0.551618
0.551675
0.551732
0.551789
0.551846
0.551903
0.55196
0.552017
0.552074
0.552131
0.552188
0.552245
0.552302
0.552359
0.552416
0.552473
0.55253
0.552587
0.552644
0.552701
0.552758
0.552814
0.552871
0.552928
0.552985
0.553042
0.553099
0.553156
0.553213
0.55327
0.553327
0.553384
0.553441
0.553498
0.553555
0.553612
0.553669
0.553726
0.553783
0.55384
0.553897
0.553954
0.554011
0.554068
0.554125
0.554182
0.554239
0.554296
0.554353
0.55441
0.554467
0.554524
0.554581
0.554638
0.554695
0.554752
0.554809
0.554866
0.554923
0.554979
0.555036
0.555093
0.55515
0.555207
0.555264
0.555321
0.555378
0.555435
0.555492
0.555549
0.555606
0.555663
0.55572
0.555777
0.555834
0.555891
0.555948
0.556005
0.556062
0.556119
0.556176
0.556233
0.55629
0.556347
0.556404
0.556461
0.556518
0.556575
0.556632
0.556689
0.556746
0.556803
0.55686
0.556917
0.556974
0.557031
0.557088
0.557144
0.557201
0.557258
0.557315
0.557372
0.557429
0.557486
0.557543
0.5576
0.557657
0.557714
0.557771
0.557828
0.557885
0.557942
0.557999
0.558056
0.558113
0.55817
0.558227
0.558284
0.558341
0.558398
0.558455
0.558512
0.558569
0.558626
0.558683
0.55874
0.558797
0.558854
0.558911
0.558968
0.559025
0.559082
0.559139
0.559196
0.559253
0.559309
0.559366
0.559423
0.55948
0.559537
0.559594
0.559651
0.559708
0.559765
0.559822
0.559879
0.559936
0.559993
0.56005
0.560107
0.560164
0.560221
0.560278
0.560335
0.560392
0.560449
0.560506
0.560563
0.56062
0.560677
0.560734
0.560791
0.560848
0.560905
0.560962
0.561019
0.561076
0.561133
0.56119
0.561247
0.561304
0.561361
0.561418
0.561474
0.561531
0.561588
0.561645
0.561702
0.561759
0.561816
0.561873
0.56193
0.561987
0.562044
0.562101
0.562158
0.562215
0.562272
0.562329
0.562386
0.562443
0.5625
0.562557
0.562614
0.562671
0.562728
0.562785
0.562842
0.562899
0.562956
0.563013
0.56307
0.563127
0.563184
0.563241
0.563298
0.563355
0.563412
0.563469
0.563526
0.563582
0.563639
0.563696
0.563753
0.56381
0.563867
0.563924
0.563981
0.564038
0.564095
0.564152
0.564209
0.564266
0.564323
0.56438
0.564437
0.564494
0.564551
0.564608
0.564665
0.564722
0.564779
0.564836
0.564893
0.56495
0.565007
0.565064
0.565121
0.565178
0.565235
0.565292
0.565349
0.565406
0.565463
0.56552
0.565577
0.565634
0.565691
0.565747
0.565804
0.565861
0.565918
0.565975
0.566032
0.566089
0.566146
0.566203
0.56626
0.566317
0.566374
0.566431
0.566488
0.566545
0.566602
0.566659
0.566716
0.566773
0.56683
0.566887
0.566944
0.567001
0.567058
0.567115
0.567172
0.567229
0.567286
0.567343
0.5674
0.567457
0.567514
0.567571
0.567628
0.567685
0.567742
0.567799
0.567856
0.567912
0.567969
0.568026
0.568083
0.56814
0.568197
0.568254
0.568311
0.568368
0.568425
0.568482
0.568539
0.568596
0.568653
0.56871
0.568767
0.568824
0.568881
0.568938
0.568995
0.569052
0.569109
0.569166
0.569223
0.56928
0.569337
0.569394
0.569451
0.569508
0.569565
0.569622
0.569679
