0.451094
0.45219
0.453286
0.454383
0.455479
0.456575
0.457672
0.458768
0.459865
0.460961
0.462058
0.463154
0.464251
0.465347
0.466444
0.46754
0.468637
0.469734
0.47083
0.471927
0.473023
0.47412
0.475217
0.476313
0.47741
0.478506
0.479603
0.4807
0.481796
0.482893
0.483989
0.485086
0.486182
0.487279
0.488375
0.489472
0.490568
0.491665
0.492761
0.493858
0.494954
0.49605
0.497147
0.498243
0.49934
0.500436
0.501532
0.502629
0.503725
0.504821
0.505918
0.507014
0.508111
0.509207
0.510303
0.5114
0.512496
0.513593
0.514689
0.515786
0.516882
0.517979
0.519075
0.520172
0.521268
0.522365
0.523461
0.524558
0.525654
0.526751
0.527847
0.528944
0.53004
0.531137
0.532233
0.53333
0.534426
0.535523
0.536619
0.537716
0.538813
0.539909
0.541006
0.542102
0.543199
0.544295
0.545392
0.546488
0.547585
0.548681
0.549778
0.550874
0.551971
0.553067
0.554164
0.55526
0.556356
0.557453
0.558549
0.559646
0.560742
0.561839
0.562935
0.564031
0.565128
0.566224
0.567321
0.568417
0.569514
0.57061
0.571707
0.572803
0.573899
0.574996
0.576092
0.577189
0.578285
0.579382
0.580478
0.581575
0.582671
0.583768
0.584864
0.585961
0.587057
0.588154
0.58925
0.590347
0.591443
0.59254
0.593636
0.594733
0.595829
0.596926
0.598023
0.599119
0.600216
0.601312
0.602409
0.603505
0.604602
0.605698
0.606795
0.607891
0.608988
0.610084
0.611181
0.612277
0.613374
0.61447
0.615566
0.616663
0.617759
0.618856
0.619952
0.621049
0.622145
0.623242
0.624338
0.625435
0.626531
0.627628
0.628724
0.62982
0.630917
0.632013
0.63311
0.634206
0.635303
0.636399
0.637496
0.638592
0.639689
0.640785
0.641882
0.642978
0.644075
0.645171
0.646268
0.647364
0.648461
0.649557
0.650654
0.65175
0.652847
0.653943
0.65504
0.656136
0.657233
0.658329
0.659426
0.660522
0.661619
0.662716
0.663812
0.664909
0.666005
0.667102
0.668198
0.669295
0.670391
0.671488
0.672584
0.673681
0.674777
0.675874
0.67697
0.678066
0.679163
0.680259
0.681356
0.682452
0.683549
0.684645
0.685742
0.686838
0.687935
0.689031
0.690128
0.691224
0.692321
0.693417
0.694514
0.69561
0.696707
0.697803
0.6989
0.699996
0.701093
0.702189
0.703286
0.704382
0.705479
0.706575
0.707672
0.708768
0.709865
0.710961
0.712058
0.713154
0.714251
0.715347
0.716444
0.71754
0.718637
0.719734
0.72083
0.721927
0.723023
0.72412
0.725216
0.726313
0.727409
0.728506
0.729602
0.730699
0.731795
0.732892
0.733988
0.735085
0.736181
0.737278
0.738374
0.739471
0.740567
0.741664
0.74276
0.743857
0.744953
0.74605
0.747146
0.748243
0.749339
0.750436
0.751532
0.752629
0.753725
0.754822
0.755918
0.757015
0.758111
0.759208
0.760304
0.761401
0.762497
0.763594
0.76469
0.765787
0.766883
0.76798
0.769076
0.770173
0.771269
0.772366
0.773463
0.774559
0.775656
0.776752
0.777849
0.778945
0.780042
0.781138
0.782235
0.783331
0.784428
0.785524
0.786621
0.787718
0.788814
0.789911
0.791007
0.792104
0.7932
0.794297
0.795393
0.79649
0.797586
0.798683
0.799779
0.800876
0.801972
0.803069
0.804165
0.805262
0.806358
0.807455
0.808551
0.809648
0.810744
0.811841
0.812937
0.814034
0.81513
0.816227
0.817323
0.81842
0.819516
0.820613
0.82171
0.822806
0.823903
0.824999
0.826096
0.827192
0.828289
0.829385
0.830482
0.831578
0.832675
0.833772
0.834868
0.835965
0.837061
0.838158
0.839254
0.840351
0.841447
0.842544
0.843641
0.844737
0.845834
0.84693
0.848027
0.849123
0.85022
0.851316
0.852413
0.853509
0.854606
0.855702
0.856799
0.857896
0.858992
0.860089
0.861185
0.862282
0.863378
0.864475
0.865571
0.866668
0.867764
0.868861
0.869957
0.871054
0.87215
0.873247
0.874344
0.87544
0.876537
0.877633
0.87873
0.879826
0.880923
0.882019
0.883116
0.884213
0.885309
0.886406
0.887502
0.888599
0.889695
0.890792
0.891888
0.892985
0.894082
0.895178
0.896275
0.897371
0.898468
0.899564
0.900661
0.901758
0.902854
0.903951
0.905047
0.906144
0.90724
0.908337
0.909434
0.91053
0.911627
0.912723
0.91382
0.914916
0.916013
0.91711
0.918206
0.919303
0.920399
0.921496
0.922592
0.923689
0.924785
0.925882
0.926979
0.928075
0.929172
0.930268
0.931365
0.932461
0.933558
0.934655
0.935751
0.936848
0.937944
0.939041
0.940137
0.941234
0.942331
0.943427
0.944524
0.94562
0.946717
0.947814
0.94891
0.950007
0.951103
0.9522
0.953297
0.954393
0.95549
0.956586
0.957683
0.95878
0.959876
0.960973
0.96207
0.963166
0.964263
0.965359
0.966456
0.967553
0.968649
0.969746
0.970842
0.971939
0.973036
0.974132
0.975229
0.976326
0.977422
0.978519
0.979615
0.980712
0.981809
0.982905
0.984002
0.985099
0.986195
0.987292
0.988388
0.989485
0.990582
0.991678
0.992775
0.993872
0.994968
0.996065
0.997162
0.998258
0.999355
1.00045
1.00155
1.00264
1.00374
1.00484
1.00593
1.00703
1.00813
1.00922
1.01032
1.01142
1.01252
1.01361
1.01471
1.01581
1.0169
1.018
1.0191
1.02019
1.02129
1.02239
1.02348
1.02458
1.02568
1.02677
1.02787
1.02897
1.03006
1.03116
1.03226
1.03335
1.03445
1.03555
1.03664
1.03774
1.03884
1.03993
1.04103
1.04213
1.04322
1.04432
1.04542
1.04651
1.04761
1.04871
1.0498
1.0509
1.052
1.0531
1.05419
1.05529
1.05639
1.05748
1.05858
1.05968
1.06077
1.06187
1.06297
1.06406
1.06516
1.06626
1.06735
1.06845
1.06955
1.07065
1.07174
1.07284
1.07394
1.07503
1.07613
1.07723
1.07832
1.07942
1.08052
1.08161
1.08271
1.08381
1.08491
1.086
1.0871
1.0882
1.08929
1.09039
1.09149
1.09259
1.09368
1.09478
1.09588
1.09697
1.09807
1.09917
1.10026
1.10136
1.10246
1.10356
1.10465
1.10575
1.10685
1.10795
1.10904
1.11014
1.11124
1.11233
1.11343
1.11453
1.11563
1.11672
1.11782
1.11892
1.12002
1.12111
1.12221
1.12331
1.1244
1.1255
1.1266
1.1277
1.12879
1.12989
1.13099
1.13209
1.13318
1.13428
1.13538
1.13648
1.13757
1.13867
1.13977
1.14087
1.14196
1.14306
1.14416
1.14526
1.14636
1.14745
1.14855
1.14965
1.15075
1.15184
1.15294
1.15404
1.15514
1.15624
1.15733
1.15843
1.15953
1.16063
1.16173
1.16282
1.16392
1.16502
1.16612
1.16722
1.16831
1.16941
1.17051
1.17161
1.17271
1.1738
1.1749
1.176
1.1771
1.1782
1.1793
1.18039
1.18149
1.18259
1.18369
1.18479
1.18589
1.18699
1.18808
1.18918
1.19028
1.19138
1.19248
1.19358
1.19468
1.19578
1.19687
1.19797
1.19907
1.20017
1.20127
1.20237
1.20347
1.20457
1.20567
1.20677
1.20787
1.20896
1.21006
1.21116
1.21226
1.21336
1.21446
1.21556
1.21666
1.21776
1.21886
1.21996
1.22106
1.22216
1.22326
1.22436
1.22546
1.22656
1.22766
1.22876
1.22986
1.23096
1.23206
1.23316
1.23426
1.23536
1.23646
1.23756
1.23866
1.23976
1.24086
1.24196
1.24307
1.24417
1.24527
1.24637
1.24747
1.24857
1.24967
1.25077
1.25187
1.25298
1.25408
1.25518
1.25628
1.25738
1.25848
1.25959
1.26069
1.26179
1.26289
1.26399
1.2651
1.2662
1.2673
1.2684
1.26951
1.27061
1.27171
1.27281
1.27392
1.27502
1.27612
1.27723
1.27833
1.27943
1.28054
1.28164
1.28274
1.28385
1.28495
1.28605
1.28716
1.28826
1.28937
1.29047
1.29158
1.29268
1.29378
1.29489
1.29599
1.2971
1.2982
1.29931
1.30042
1.30152
1.30263
1.30373
1.30484
1.30594
1.30705
1.30816
1.30926
1.31037
1.31148
1.31258
1.31369
1.3148
1.3159
1.31701
1.31812
1.31923
1.32033
1.32144
1.32255
1.32366
1.32477
1.32587
1.32698
1.32809
1.3292
1.33031
1.33142
1.33253
1.33364
1.33475
1.33586
1.33697
1.33808
1.33919
1.3403
1.34141
1.34252
1.34363
1.34474
1.34586
1.34697
1.34808
1.34919
1.3503
1.35142
1.35253
1.35364
1.35476
1.35587
1.35698
1.3581
1.35921
1.36033
1.36144
1.36256
1.36367
1.36479
1.3659
1.36702
1.36813
1.36925
1.37037
1.37148
1.3726
1.37372
1.37483
1.37595
1.37707
1.37819
1.37931
1.38043
1.38155
1.38267
1.38378
1.3849
1.38603
1.38715
1.38827
1.38939
1.39051
1.39163
1.39275
1.39388
1.395
1.39612
1.39725
1.39837
1.39949
1.40062
1.40174
1.40287
1.40399
1.40512
1.40625
1.40737
1.4085
1.40963
1.41076
1.41188
1.41301
1.41414
1.41527
1.4164
1.41753
1.41866
1.41979
1.42092
1.42206
1.42319
1.42432
1.42545
1.42659
1.42772
1.42886
1.42999
1.43113
1.43226
1.4334
1.43454
1.43567
1.43681
1.43795
1.43909
1.44023
1.44137
1.44251
1.44365
1.44479
1.44593
1.44708
1.44822
1.44936
1.45051
1.45165
1.4528
1.45394
1.45509
1.45624
1.45738
1.45853
1.45968
1.46083
1.46198
1.46313
1.46428
1.46544
1.46659
1.46774
1.4689
1.47005
1.47121
1.47236
1.47352
1.47468
1.47584
1.477
1.47816
1.47932
1.48048
1.48164
1.4828
1.48397
1.48513
1.48629
1.48746
1.48863
1.48979
1.49096
1.49213
1.4933
1.49447
1.49564
1.49682
1.49799
1.49917
1.50034
1.50152
1.50269
1.50387
1.50505
1.50623
1.50741
1.50859
1.50978
1.51096
1.51214
1.51333
1.51452
1.5157
1.51689
1.51808
1.51927
1.52046
1.52166
1.52285
1.52405
1.52524
1.52644
1.52764
1.52884
1.53004
1.53124
1.53244
1.53365
1.53485
1.53606
1.53727
1.53848
1.53969
1.5409
1.54211
1.54332
1.54454
1.54576
1.54697
1.54819
1.54941
1.55063
1.55186
1.55308
1.55431
1.55554
1.55676
1.55799
1.55923
1.56046
1.56169
1.56293
1.56417
1.5654
1.56665
1.56789
1.56913
1.57038
1.57162
1.57287
1.57412
1.57537
1.57662
1.57788
1.57913
1.58039
1.58165
1.58291
1.58418
1.58544
1.58671
1.58797
1.58924
1.59052
1.59179
1.59306
1.59434
1.59562
1.5969
1.59818
1.59947
1.60075
1.60204
1.60333
1.60462
1.60592
1.60721
1.60851
1.60981
1.61111
1.61242
1.61372
1.61503
1.61634
1.61765
1.61897
1.62028
1.6216
1.62292
1.62424
1.62557
1.6269
1.62823
1.62956
1.63089
1.63223
1.63356
1.6349
1.63625
1.63759
1.63894
1.64029
1.64164
1.643
1.64435
1.64571
1.64707
1.64844
1.6498
1.65117
1.65254
1.65392
1.65529
1.65667
1.65805
1.65943
1.66082
1.66221
1.6636
1.66499
1.66639
1.66779
1.66919
1.6706
1.672
1.67341
1.67482
1.67624
1.67766
1.67908
1.6805
1.68193
1.68335
1.68479
1.68622
1.68766
1.6891
1.69054
1.69198
1.69343
1.69488
1.69634
1.69779
1.69925
1.70072
1.70218
1.70365
1.70512
1.70659
1.70807
1.70955
1.71103
1.71252
1.71401
1.7155
1.71699
1.71849
1.71999
1.7215
1.723
1.72451
1.72602
1.72754
1.72906
1.73058
1.73211
1.73363
1.73516
1.7367
1.73823
1.73977
1.74132
1.74286
1.74441
1.74597
1.74752
1.74908
1.75064
1.75221
1.75377
1.75534
1.75692
1.7585
1.76008
1.76166
1.76325
1.76484
1.76643
1.76802
1.76962
1.77122
1.77283
1.77444
1.77605
1.77766
1.77928
1.7809
1.78252
1.78415
1.78578
1.78741
1.78905
1.79069
1.79233
1.79398
1.79562
1.79727
1.79893
1.80059
1.80225
1.80391
1.80557
1.80724
1.80892
1.81059
1.81227
1.81395
1.81563
1.81732
1.81901
1.8207
1.8224
1.82409
1.8258
1.8275
1.82921
1.83092
1.83263
1.83434
1.83606
1.83778
1.8395
1.84123
1.84296
1.84469
1.84642
1.84816
1.8499
1.85164
1.85339
1.85513
1.85688
1.85863
1.86039
1.86215
1.86391
1.86567
1.86743
1.8692
1.87097
1.87274
1.87451
1.87629
1.87807
1.87985
1.88163
1.88342
1.8852
1.88699
1.88879
1.89058
1.89237
1.89417
1.89597
1.89777
1.89958
1.90138
1.90319
1.905
1.90681
1.90863
1.91044
1.91226
1.91408
1.9159
1.91772
1.91954
1.92137
1.92319
1.92502
1.92685
1.92868
1.93051
1.93235
1.93418
1.93602
1.93786
1.9397
1.94154
1.94338
1.94522
1.94707
1.94891
1.95076
1.95261
1.95446
1.95631
1.95816
1.96001
1.96186
1.96371
1.96557
1.96742
1.96928
1.97113
1.97299
1.97485
1.97671
1.97856
1.98042
1.98228
1.98414
1.986
1.98787
1.98973
1.99159
1.99345
1.99531
1.99717
1.99904
2.0009
2.00276
2.00462
2.00649
2.00835
2.01021
2.01208
2.01394
2.0158
2.01766
2.01953
2.02139
2.02325
2.02511
2.02697
2.02883
2.03069
2.03255
2.03441
2.03627
2.03812
2.03998
2.04184
2.04369
2.04555
2.0474
2.04926
2.05111
2.05296
2.05481
2.05666
2.05851
2.06036
2.06221
2.06406
2.0659
2.06774
2.06959
2.07143
2.07327
2.07511
2.07695
2.07878
2.08062
2.08245
2.08429
2.08612
2.08795
2.08978
2.0916
2.09343
2.09525
2.09708
2.0989
2.10072
2.10253
2.10435
2.10616
2.10798
2.10979
2.1116
2.1134
2.11521
2.11701
2.11881
2.12061
2.12241
2.12421
2.126
2.12779
2.12958
2.13137
2.13316
2.13494
2.13672
2.1385
2.14028
2.14205
2.14383
2.1456
2.14737
2.14913
2.1509
2.15266
2.15442
2.15617
2.15793
2.15968
2.16143
2.16318
2.16492
2.16667
2.16841
2.17015
2.17188
2.17361
2.17535
2.17707
2.1788
2.18052
2.18224
2.18396
2.18568
2.18739
2.1891
2.19081
2.19251
2.19422
2.19592
2.19762
2.19931
2.201
2.20269
2.20438
2.20606
2.20775
2.20942
2.2111
2.21277
2.21445
2.21611
2.21778
2.21944
2.2211
2.22276
2.22441
2.22607
2.22772
2.22936
2.23101
2.23265
2.23429
2.23592
2.23755
2.23918
2.24081
2.24244
2.24406
2.24568
2.24729
2.24891
2.25052
2.25213
2.25373
2.25534
2.25694
2.25853
2.26013
2.26172
2.26331
2.2649
2.26648
2.26806
2.26964
2.27121
2.27279
2.27436
2.27592
2.27749
2.27905
2.28061
2.28217
2.28372
2.28527
2.28682
2.28837
2.28991
2.29145
2.29299
2.29452
2.29606
2.29759
2.29912
2.30064
2.30216
2.30368
2.3052
2.30671
2.30823
2.30973
2.31124
2.31275
2.31425
2.31575
2.31724
2.31874
2.32023
2.32172
2.3232
2.32469
2.32617
2.32765
2.32913
2.3306
2.33207
2.33354
2.33501
2.33647
2.33793
2.33939
2.34085
2.34231
2.34376
2.34521
2.34666
2.3481
2.34954
2.35098
2.35242
2.35386
2.35529
2.35672
2.35815
2.35958
2.36101
2.36243
2.36385
2.36527
2.36668
2.3681
2.36951
2.37092
2.37232
2.37373
2.37513
2.37653
2.37793
2.37933
2.38072
2.38211
2.3835
2.38489
2.38628
2.38766
2.38905
2.39043
2.3918
2.39318
2.39455
2.39592
2.39729
2.39866
2.40003
2.40139
2.40276
2.40412
2.40547
2.40683
2.40818
2.40954
2.41089
2.41224
2.41358
2.41493
2.41627
2.41761
2.41895
2.42029
2.42163
2.42296
2.4243
2.42563
2.42696
2.42828
2.42961
2.43093
2.43226
2.43358
2.4349
2.43621
2.43753
2.43884
2.44015
2.44147
2.44277
2.44408
2.44539
2.44669
2.44799
2.4493
2.4506
2.45189
2.45319
2.45448
2.45578
2.45707
2.45836
2.45965
2.46094
2.46222
2.46351
2.46479
2.46607
2.46735
2.46863
2.46991
2.47118
2.47246
2.47373
2.475
2.47627
2.47754
2.47881
2.48008
2.48134
2.4826
2.48387
2.48513
2.48639
2.48765
2.4889
2.49016
2.49141
2.49267
2.49392
2.49517
2.49642
2.49767
2.49891
2.50016
2.5014
2.50265
2.50389
2.50513
2.50637
2.50761
2.50885
2.51008
2.51132
2.51255
2.51379
2.51502
2.51625
2.51748
2.51871
2.51994
2.52116
2.52239
2.52361
2.52484
2.52606
2.52728
2.5285
2.52972
2.53094
2.53215
2.53337
2.53459
2.5358
2.53701
2.53823
2.53944
2.54065
2.54186
2.54307
2.54428
2.54548
2.54669
2.54789
2.5491
2.5503
2.5515
2.5527
2.5539
2.5551
2.5563
2.5575
2.5587
2.5599
2.56109
2.56229
2.56348
2.56467
2.56587
2.56706
2.56825
2.56944
2.57063
2.57182
2.573
2.57419
2.57538
2.57656
2.57775
2.57893
2.58011
2.5813
2.58248
2.58366
2.58484
2.58602
2.5872
2.58838
2.58955
2.59073
2.59191
2.59308
2.59426
2.59543
2.59661
2.59778
2.59895
2.60012
2.6013
2.60247
2.60364
2.60481
2.60597
2.60714
2.60831
2.60948
2.61064
2.61181
2.61297
2.61414
2.6153
2.61647
2.61763
2.61879
2.61996
2.62112
2.62228
2.62344
2.6246
2.62576
2.62692
2.62807
2.62923
2.63039
2.63155
2.6327
2.63386
2.63501
2.63617
2.63732
2.63848
2.63963
2.64079
2.64194
2.64309
2.64424
2.64539
2.64654
2.64769
2.64884
2.64999
2.65114
2.65229
2.65344
2.65459
2.65574
2.65688
2.65803
2.65918
2.66032
2.66147
2.66261
2.66376
2.6649
2.66605
2.66719
2.66833
2.66947
2.67062
2.67176
2.6729
2.67404
2.67518
2.67632
2.67746
2.6786
2.67974
2.68088
2.68202
2.68316
2.6843
2.68544
2.68657
2.68771
2.68885
2.68999
2.69112
2.69226
2.69339
2.69453
2.69566
2.6968
2.69793
2.69907
2.7002
2.70133
2.70247
2.7036
2.70473
2.70587
2.707
2.70813
2.70926
2.71039
2.71152
2.71265
2.71378
2.71491
2.71604
2.71717
2.7183
2.71943
2.72056
2.72169
2.72282
2.72395
2.72507
2.7262
2.72733
2.72846
2.72958
2.73071
2.73184
2.73296
2.73409
2.73521
2.73634
2.73746
2.73859
2.73971
2.74084
2.74196
2.74309
2.74421
2.74533
2.74646
2.74758
2.7487
2.74982
2.75095
2.75207
2.75319
2.75431
2.75543
2.75656
2.75768
2.7588
2.75992
2.76104
2.76216
2.76328
2.7644
2.76552
2.76664
2.76776
2.76888
2.77
2.77111
2.77223
2.77335
2.77447
2.77559
2.77671
2.77782
2.77894
2.78006
2.78117
2.78229
2.78341
2.78452
2.78564
2.78676
2.78787
2.78899
2.7901
2.79122
2.79234
2.79345
2.79457
2.79568
2.79679
2.79791
2.79902
2.80014
2.80125
2.80237
2.80348
2.80459
2.80571
2.80682
2.80793
2.80904
2.81016
2.81127
2.81238
2.81349
2.81461
2.81572
2.81683
2.81794
2.81905
2.82016
2.82128
2.82239
2.8235
2.82461
2.82572
2.82683
2.82794
2.82905
2.83016
2.83127
2.83238
2.83349
2.8346
2.83571
2.83682
2.83793
2.83904
2.84014
2.84125
2.84236
2.84347
2.84458
2.84569
2.84679
2.8479
2.84901
2.85012
2.85123
2.85233
2.85344
2.85455
2.85565
2.85676
2.85787
2.85898
2.86008
2.86119
2.86229
2.8634
2.86451
2.86561
2.86672
2.86782
2.86893
2.87004
2.87114
2.87225
2.87335
2.87446
2.87556
2.87667
2.87777
2.87888
2.87998
2.88108
2.88219
2.88329
2.8844
2.8855
2.8866
2.88771
2.88881
2.88992
2.89102
2.89212
2.89323
2.89433
2.89543
2.89653
2.89764
2.89874
2.89984
2.90095
2.90205
2.90315
2.90425
2.90535
2.90646
2.90756
2.90866
2.90976
2.91086
2.91197
2.91307
2.91417
2.91527
2.91637
2.91747
2.91857
2.91967
2.92077
2.92188
2.92298
2.92408
2.92518
2.92628
2.92738
2.92848
2.92958
2.93068
2.93178
2.93288
2.93398
2.93508
2.93618
2.93728
2.93838
2.93948
2.94058
2.94168
2.94278
2.94387
2.94497
2.94607
2.94717
2.94827
2.94937
2.95047
2.95157
2.95267
2.95376
2.95486
2.95596
2.95706
2.95816
2.95926
2.96035
2.96145
2.96255
2.96365
2.96475
2.96584
2.96694
2.96804
2.96914
2.97023
2.97133
2.97243
2.97353
2.97462
2.97572
2.97682
2.97792
2.97901
2.98011
2.98121
2.9823
2.9834
2.9845
2.9856
2.98669
2.98779
2.98889
2.98998
2.99108
2.99218
2.99327
2.99437
2.99547
2.99656
2.99766
2.99875
2.99985
3.00095
3.00204
3.00314
3.00424
3.00533
3.00643
3.00752
3.00862
3.00972
3.01081
3.01191
3.013
3.0141
3.0152
3.01629
3.01739
3.01848
3.01958
3.02067
3.02177
3.02287
3.02396
3.02506
3.02615
3.02725
3.02834
3.02944
3.03053
3.03163
3.03272
3.03382
3.03492
3.03601
3.03711
3.0382
3.0393
3.04039
3.04149
3.04258
3.04368
3.04477
3.04587
3.04696
3.04806
3.04915
3.05025
3.05134
3.05244
3.05353
3.05463
3.05572
3.05682
3.05791
3.05901
3.0601
3.0612
3.06229
3.06339
3.06448
3.06558
3.06667
3.06777
3.06886
3.06996
3.07105
3.07215
3.07324
3.07434
3.07543
3.07653
3.07762
3.07872
3.07981
3.08091
3.082
3.0831
3.08419
3.08529
3.08638
3.08748
3.08857
3.08967
3.09076
3.09186
3.09295
3.09405
3.09514
3.09623
3.09733
3.09842
3.09952
3.10061
3.10171
3.1028
3.1039
3.10499
3.10609
3.10718
3.10828
3.10937
3.11047
3.11156
3.11266
3.11375
3.11484
3.11594
3.11703
3.11813
3.11922
3.12032
3.12141
3.12251
3.1236
3.1247
3.12579
3.12689
3.12798
3.12908
3.13017
3.13126
3.13236
3.13345
3.13455
3.13564
3.13674
3.13783
3.13893
3.14002
3.14112
3.14221
3.1433
3.1444
3.14549
3.14659
3.14768
3.14878
3.14987
3.15097
3.15206
3.15316
3.15425
3.15534
3.15644
3.15753
3.15863
3.15972
3.16082
3.16191
3.16301
3.1641
3.16519
3.16629
3.16738
3.16848
3.16957
3.17067
3.17176
3.17286
3.17395
3.17504
3.17614
3.17723
3.17833
3.17942
3.18052
3.18161
3.1827
3.1838
3.18489
3.18599
3.18708
3.18818
3.18927
3.19037
3.19146
3.19255
3.19365
3.19474
3.19584
3.19693
3.19803
3.19912
3.20021
3.20131
3.2024
3.2035
3.20459
3.20569
3.20678
3.20787
3.20897
3.21006
3.21116
3.21225
3.21335
3.21444
3.21553
3.21663
3.21772
3.21882
3.21991
3.22101
3.2221
3.22319
3.22429
3.22538
3.22648
3.22757
3.22867
3.22976
3.23085
3.23195
3.23304
3.23414
3.23523
3.23633
3.23742
3.23852
3.23961
3.2407
3.2418
3.24289
3.24399
3.24508
3.24618
3.24727
3.24836
3.24946
3.25055
3.25165
3.25274
3.25384
3.25493
3.25603
3.25712
3.25821
3.25931
3.2604
3.2615
3.26259
3.26369
3.26478
3.26588
3.26697
3.26807
3.26916
3.27026
3.27135
3.27244
3.27354
3.27463
3.27573
3.27682
3.27792
3.27901
3.28011
3.2812
3.2823
3.28339
3.28449
3.28558
3.28668
3.28777
3.28887
3.28996
3.29106
3.29215
3.29324
3.29434
3.29543
3.29653
3.29762
3.29872
3.29981
3.30091
3.302
3.3031
3.30419
3.30529
3.30638
3.30748
3.30857
3.30967
3.31076
3.31186
3.31296
3.31405
3.31515
3.31624
3.31734
3.31843
3.31953
3.32062
3.32172
3.32281
3.32391
3.325
3.3261
3.32719
3.32829
3.32938
3.33048
3.33157
3.33267
3.33376
3.33486
3.33596
3.33705
3.33815
3.33924
3.34034
3.34143
3.34253
3.34362
3.34472
3.34581
3.34691
3.34801
3.3491
3.3502
3.35129
3.35239
3.35348
3.35458
3.35567
3.35677
3.35786
3.35896
3.36006
3.36115
3.36225
3.36334
3.36444
3.36553
3.36663
3.36772
3.36882
3.36991
3.37101
3.37211
3.3732
3.3743
3.37539
3.37649
3.37758
3.37868
3.37977
3.38087
3.38196
3.38306
3.38415
3.38525
3.38634
3.38744
3.38853
3.38963
3.39072
3.39182
3.39291
3.39401
3.3951
3.3962
3.39729
3.39839
3.39948
3.40058
3.40167
3.40276
3.40386
3.40495
3.40605
3.40714
3.40824
3.40933
3.41042
3.41152
3.41261
3.4137
3.4148
3.41589
3.41698
3.41808
3.41917
3.42026
3.42136
3.42245
3.42354
3.42463
3.42572
3.42682
3.42791
3.429
3.43009
3.43118
3.43227
3.43336
3.43446
3.43555
3.43664
3.43773
3.43882
3.43991
3.44099
3.44208
3.44317
3.44426
3.44535
3.44644
3.44752
3.44861
3.4497
3.45079
3.45187
3.45296
3.45404
3.45513
3.45621
3.4573
3.45838
3.45946
3.46055
3.46163
3.46271
3.46379
3.46487
3.46595
3.46703
3.46811
3.46919
3.47027
3.47135
3.47242
3.4735
3.47458
3.47565
3.47672
3.4778
3.47887
3.47994
3.48101
3.48208
3.48315
3.48422
3.48529
3.48635
3.48742
3.48848
3.48954
3.49061
3.49167
3.49273
3.49379
3.49484
3.4959
3.49695
3.49801
3.49906
3.50011
3.50116
3.50221
3.50325
3.5043
3.50534
3.50638
3.50742
3.50846
3.5095
3.51053
3.51156
3.51259
3.51362
3.51465
3.51567
3.51669
3.51771
3.51873
3.51975
3.52076
3.52177
3.52278
3.52378
3.52478
3.52578
3.52678
3.52777
3.52876
3.52975
3.53074
3.53172
3.5327
3.53367
3.53464
3.53561
3.53657
3.53753
3.53849
3.53944
3.54039
3.54133
3.54227
3.54321
3.54414
3.54506
3.54598
3.5469
3.54781
3.54872
3.54962
3.55052
3.55141
3.55229
3.55317
3.55404
3.55491
3.55577
3.55663
3.55748
3.55832
3.55915
3.55998
3.5608
3.56162
3.56243
3.56322
3.56402
3.5648
3.56558
3.56634
3.5671
3.56786
3.5686
3.56933
3.57005
3.57077
3.57148
3.57217
3.57286
3.57353
3.5742
3.57485
3.5755
3.57613
3.57675
3.57736
3.57796
3.57854
3.57912
3.57968
3.58023
3.58076
3.58129
3.5818
3.58229
3.58277
3.58324
3.58369
3.58413
3.58455
3.58496
3.58535
3.58573
3.58609
3.58643
3.58676
3.58707
3.58736
3.58763
3.58789
3.58812
3.58834
3.58854
3.58872
3.58888
3.58902
3.58914
3.58923
3.58931
3.58937
3.5894
3.58941
3.5894
3.58936
3.5893
3.58922
3.58911
3.58898
3.58883
3.58865
3.58844
3.5882
3.58794
3.58766
3.58734
3.587
3.58663
3.58623
3.5858
3.58534
3.58485
3.58433
3.58378
3.5832
3.58258
3.58194
3.58126
3.58055
3.5798
3.57902
3.57821
3.57736
3.57647
3.57555
3.5746
3.5736
3.57257
3.5715
3.5704
3.56925
3.56806
3.56684
3.56557
3.56427
3.56292
3.56153
3.5601
3.55863
3.55711
3.55555
3.55395
3.5523
3.5506
3.54886
3.54708
3.54524
3.54336
3.54144
3.53946
3.53744
3.53537
3.53324
3.53107
3.52885
3.52658
3.52425
3.52188
3.51945
3.51697
3.51444
3.51185
3.50921
3.50651
3.50376
3.50095
3.49809
3.49517
3.4922
3.48917
3.48608
3.48293
3.47972
3.47646
3.47314
3.46975
3.46631
3.46281
3.45924
3.45562
3.45193
3.44818
3.44437
3.4405
3.43657
3.43257
3.42851
3.42438
3.42019
3.41594
3.41162
3.40724
3.40279
3.39828
3.3937
3.38906
3.38435
3.37957
3.37473
3.36982
3.36485
3.35981
3.3547
3.34952
3.34428
3.33896
3.33359
3.32814
3.32262
3.31704
3.31139
3.30567
3.29989
3.29404
3.28811
3.28212
3.27607
3.26994
3.26375
3.25749
3.25116
3.24476
3.2383
3.23176
3.22517
3.2185
3.21177
3.20497
3.1981
3.19117
3.18417
3.1771
3.16997
3.16277
3.15551
3.14818
3.14079
3.13333
3.12581
3.11823
3.11058
3.10287
3.0951
3.08727
3.07937
3.07141
3.06339
3.05531
3.04718
3.03898
3.03072
3.0224
3.01403
3.0056
2.99711
2.98857
2.97997
2.97132
2.96261
2.95385
2.94504
2.93617
2.92725
2.91828
2.90926
2.90019
2.89108
2.88191
2.8727
2.86344
2.85414
2.84479
2.83539
2.82595
2.81648
2.80695
2.79739
2.78779
2.77815
2.76847
2.75876
2.749
2.73922
2.72939
2.71954
2.70965
2.69973
2.68978
2.6798
2.66979
2.65975
2.64969
2.6396
2.62949
2.61935
2.60919
2.599
2.5888
2.57858
2.56834
2.55808
2.5478
2.53751
2.5272
2.51688
2.50655
2.49621
2.48585
2.47549
2.46512
2.45474
2.44435
2.43396
2.42357
2.41317
2.40278
2.39238
2.38198
2.37158
2.36118
2.35079
2.3404
2.33002
2.31964
2.30927
2.29891
2.28856
2.27822
2.26789
2.25757
2.24727
2.23698
2.22671
2.21645
2.20621
2.19599
2.18579
2.17561
2.16545
2.15531
2.14519
2.1351
2.12504
2.115
2.10498
2.09499
2.08504
2.07511
2.06521
2.05534
2.0455
2.0357
2.02593
2.01619
2.00649
1.99682
1.98719
1.97759
1.96804
1.95852
1.94904
1.9396
1.9302
1.92084
1.91153
1.90225
1.89302
1.88383
1.87469
1.86559
1.85653
1.84753
1.83856
1.82965
1.82078
1.81195
1.80318
1.79445
1.78578
1.77715
1.76857
1.76004
1.75156
1.74314
1.73476
1.72643
1.71816
1.70994
1.70177
1.69365
1.68558
1.67757
1.66961
1.66171
1.65385
1.64606
1.63831
1.63062
1.62298
1.6154
1.60787
1.60039
1.59297
1.5856
1.57829
1.57103
1.56383
1.55668
1.54959
1.54255
1.53556
1.52863
1.52175
1.51493
1.50816
1.50145
1.49479
1.48818
1.48162
1.47512
1.46868
1.46228
1.45594
1.44966
1.44342
1.43724
1.43111
1.42503
1.419
1.41303
1.40711
1.40123
1.39541
1.38964
1.38392
1.37825
1.37263
1.36706
1.36154
1.35607
1.35064
1.34527
1.33994
1.33466
1.32943
1.32424
1.3191
1.31401
1.30896
1.30396
1.29901
1.2941
1.28923
1.28441
1.27963
1.2749
1.27021
1.26556
1.26096
1.25639
1.25187
1.24739
1.24296
1.23856
1.2342
1.22988
1.2256
1.22137
1.21716
1.213
1.20888
1.20479
1.20075
1.19673
1.19276
1.18882
1.18492
1.18105
1.17722
1.17342
1.16966
1.16593
1.16223
1.15857
1.15494
1.15135
1.14778
1.14425
1.14075
1.13728
1.13384
1.13044
1.12706
1.12371
1.12039
1.11711
1.11385
1.11062
1.10742
1.10424
1.1011
1.09798
1.09489
1.09182
1.08878
1.08577
1.08279
1.07983
1.07689
1.07398
1.0711
1.06824
1.0654
1.06259
1.05981
1.05704
1.0543
1.05158
1.04889
1.04622
1.04357
1.04094
1.03834
1.03576
1.03319
1.03065
1.02813
1.02564
1.02316
1.0207
1.01826
1.01585
1.01345
1.01107
1.00871
1.00637
1.00406
1.00175
0.999472
0.997209
0.994964
0.992737
0.990528
0.988337
0.986164
0.984009
0.981871
0.97975
0.977646
0.975559
0.973489
0.971436
0.969399
0.967379
0.965375
0.963387
0.961415
0.959459
0.957518
0.955594
0.953684
0.95179
0.949912
0.948048
0.9462
0.944366
0.942547
0.940743
0.938953
0.937178
0.935417
0.93367
0.931938
0.930219
0.928514
0.926824
0.925146
0.923483
0.921833
0.920197
0.918573
0.916963
0.915367
0.913783
0.912212
0.910654
0.909109
0.907577
0.906057
0.90455
0.903055
0.901573
0.900103
0.898645
0.8972
0.895766
0.894344
0.892935
0.891537
0.890151
0.888776
0.887413
0.886062
0.884722
0.883394
0.882076
0.88077
0.879476
0.878192
0.876919
0.875658
0.874407
0.873167
0.871938
0.870719
0.869511
0.868314
0.867127
0.865951
0.864785
0.863629
0.862484
0.861349
0.860223
0.859108
0.858003
0.856908
0.855823
0.854748
0.853682
0.852626
0.85158
0.850543
0.849516
0.848498
0.84749
0.846491
0.845501
0.844521
0.84355
0.842588
0.841635
0.840691
0.839756
0.838831
0.837913
0.837005
0.836106
0.835215
0.834333
0.83346
0.832595
0.831739
0.830891
0.830052
0.829221
0.828398
0.827584
0.826778
0.82598
0.82519
0.824408
0.823635
0.822869
0.822112
0.821362
0.82062
0.819886
0.81916
0.818441
0.817731
0.817028
0.816332
0.815644
0.814964
0.814291
0.813625
0.812967
0.812317
0.811673
0.811037
0.810408
0.809787
0.809172
0.808565
0.807965
0.807372
0.806785
0.806206
0.805634
0.805069
0.80451
0.803958
0.803414
0.802875
0.802344
0.801819
0.801301
0.80079
0.800285
0.799786
0.799295
0.798809
0.79833
0.797858
0.797392
0.796932
0.796478
0.796031
0.79559
0.795155
0.794727
0.794304
0.793888
0.793477
0.793073
0.792675
0.792283
0.791896
0.791516
0.791142
0.790773
0.79041
0.790053
0.789702
0.789357
0.789017
0.788683
0.788355
0.788032
0.787715
0.787403
0.787097
0.786797
0.786502
0.786212
0.785928
0.785649
0.785376
0.785108
0.784845
0.784588
0.784336
0.784089
0.783848
0.783611
0.78338
0.783154
0.782933
0.782717
0.782507
0.782301
0.7821
0.781905
0.781714
0.781528
0.781348
0.781172
0.781001
0.780835
0.780673
0.780517
0.780365
0.780218
0.780076
0.779938
0.779806
0.779678
0.779554
0.779435
0.779321
0.779212
0.779107
0.779006
0.77891
0.778819
0.778732
0.778649
0.778571
0.778498
0.778428
0.778363
0.778303
0.778247
0.778195
0.778147
0.778104
0.778065
0.77803
0.778
0.777973
0.777951
0.777933
0.777919
0.77791
0.777904
0.777902
0.777905
0.777911
0.777922
0.777937
0.777955
0.777978
0.778004
0.778035
0.778069
0.778107
0.778149
0.778196
0.778245
0.778299
0.778357
0.778418
0.778483
0.778552
0.778624
0.778701
0.778781
0.778864
0.778952
0.779043
0.779138
0.779236
0.779338
0.779443
0.779552
0.779665
0.779781
0.779901
0.780024
0.780151
0.780281
0.780415
0.780552
0.780692
0.780836
0.780984
0.781134
0.781288
0.781446
0.781607
0.781771
0.781938
0.782109
0.782283
0.78246
0.782641
0.782824
0.783011
0.783201
0.783395
0.783591
0.783791
0.783993
0.784199
0.784408
0.78462
0.784836
0.785054
0.785275
0.7855
0.785727
0.785957
0.786191
0.786427
0.786667
0.786909
0.787154
0.787402
0.787654
0.787908
0.788165
0.788425
0.788687
0.788953
0.789221
0.789493
0.789767
0.790044
0.790323
0.790606
0.790891
0.791179
0.79147
0.791763
0.79206
0.792359
0.79266
0.792965
0.793272
0.793581
0.793894
0.794209
0.794526
0.794847
0.79517
0.795495
0.795823
0.796154
0.796487
0.796823
0.797162
0.797503
0.797846
0.798192
0.798541
0.798892
0.799245
0.799601
0.79996
0.800321
0.800684
0.80105
0.801419
0.80179
0.802163
0.802539
0.802917
0.803297
0.80368
0.804066
0.804453
0.804843
0.805236
0.805631
0.806028
0.806427
0.806829
0.807233
0.80764
0.808048
0.80846
0.808873
0.809289
0.809707
0.810127
0.810549
0.810974
0.811401
0.81183
0.812262
0.812696
0.813132
0.81357
0.81401
0.814453
0.814897
0.815344
0.815793
0.816245
0.816698
0.817154
0.817612
0.818072
0.818534
0.818998
0.819464
0.819933
0.820403
0.820876
0.82135
0.821827
0.822306
0.822787
0.82327
0.823755
0.824242
0.824731
0.825222
0.825716
0.826211
0.826708
0.827207
0.827708
0.828212
0.828717
0.829224
0.829733
0.830244
0.830757
0.831272
0.831789
0.832307
0.832828
0.833351
0.833875
0.834401
0.83493
0.83546
0.835992
0.836525
0.837061
0.837598
0.838138
0.838679
0.839222
0.839766
0.840313
0.840861
0.841411
0.841963
0.842516
0.843071
0.843628
0.844187
0.844747
0.845309
0.845873
0.846439
0.847006
0.847574
0.848145
0.848717
0.849291
0.849866
0.850443
0.851021
0.851601
0.852183
0.852766
0.853351
0.853938
0.854525
0.855115
0.855706
0.856298
0.856892
0.857488
0.858085
0.858683
0.859283
0.859884
0.860487
0.861091
0.861697
0.862304
0.862913
0.863523
0.864134
0.864747
0.865361
0.865976
0.866593
0.867211
0.867831
0.868452
0.869074
0.869697
0.870322
0.870948
0.871576
0.872204
0.872834
0.873466
0.874098
0.874732
0.875367
0.876003
0.876641
0.87728
0.87792
0.878561
0.879203
0.879847
0.880492
0.881138
0.881785
0.882434
0.883083
0.883734
0.884386
0.885039
0.885694
0.886349
0.887006
0.887664
0.888323
0.888983
0.889644
0.890307
0.89097
0.891635
0.892301
0.892968
0.893636
0.894305
0.894975
0.895647
0.896319
0.896993
0.897668
0.898344
0.899021
0.899699
0.900378
0.901059
0.90174
0.902423
0.903106
0.903791
0.904477
0.905164
0.905852
0.906542
0.907232
0.907923
0.908616
0.90931
0.910004
0.9107
0.911397
0.912095
0.912795
0.913495
0.914196
0.914899
0.915603
0.916307
0.917013
0.91772
0.918428
0.919138
0.919848
0.920559
0.921272
0.921986
0.922701
0.923417
0.924134
0.924852
0.925571
0.926292
0.927013
0.927736
0.92846
0.929185
0.929911
0.930638
0.931366
0.932096
0.932826
0.933558
0.934291
0.935025
0.93576
0.936496
0.937233
0.937972
0.938712
0.939452
0.940194
0.940937
0.941681
0.942427
0.943173
0.943921
0.944669
0.945419
0.94617
0.946922
0.947675
0.94843
0.949185
0.949942
0.950699
0.951458
0.952218
0.952979
0.953741
0.954505
0.955269
0.956035
0.956801
0.957569
0.958338
0.959108
0.959879
0.960651
0.961424
0.962198
0.962974
0.96375
0.964528
0.965306
0.966086
0.966867
0.967649
0.968432
0.969216
0.970001
0.970787
0.971574
0.972362
0.973152
0.973942
0.974733
0.975526
0.976319
0.977113
0.977909
0.978705
0.979503
0.980301
0.9811
0.981901
0.982702
0.983505
0.984308
0.985112
0.985918
0.986724
0.987531
0.988339
0.989148
0.989958
0.990769
0.991581
0.992394
0.993208
0.994023
0.994838
0.995655
0.996472
0.99729
0.99811
0.99893
0.999751
1.00057
1.0014
1.00222
1.00304
1.00387
1.00469
1.00552
1.00635
1.00718
1.00801
1.00884
1.00967
1.0105
1.01133
1.01217
1.013
1.01383
1.01467
1.01551
1.01634
1.01718
1.01802
1.01886
1.0197
1.02054
1.02138
1.02223
1.02307
1.02391
1.02476
1.0256
1.02645
1.02729
1.02814
1.02899
1.02984
1.03069
1.03154
1.03239
1.03324
1.03409
1.03494
1.0358
1.03665
1.03751
1.03836
1.03922
1.04007
1.04093
1.04179
1.04265
1.04351
1.04437
1.04523
1.04609
1.04695
1.04781
1.04867
1.04954
1.0504
1.05126
1.05213
1.05299
1.05386
1.05473
1.05559
1.05646
1.05733
1.0582
1.05907
1.05994
1.06081
1.06168
1.06255
1.06342
1.0643
1.06517
1.06604
1.06692
1.06779
1.06867
1.06954
1.07042
1.0713
1.07217
1.07305
1.07393
1.07481
1.07569
1.07657
1.07745
1.07833
1.07921
1.08009
1.08097
1.08186
1.08274
1.08362
1.08451
1.08539
1.08628
1.08716
1.08805
1.08894
1.08982
1.09071
1.0916
1.09249
1.09338
1.09427
1.09516
1.09605
1.09694
1.09783
1.09872
1.09961
1.10051
1.1014
1.10229
1.10319
1.10408
1.10498
1.10587
1.10677
1.10767
1.10856
1.10946
1.11036
1.11126
1.11215
1.11305
1.11395
1.11485
1.11575
1.11665
1.11756
1.11846
1.11936
1.12026
1.12116
1.12207
1.12297
1.12388
1.12478
1.12569
1.12659
1.1275
1.1284
1.12931
1.13022
1.13112
1.13203
1.13294
1.13385
1.13476
1.13567
1.13658
1.13749
1.1384
1.13931
1.14022
1.14113
1.14205
1.14296
1.14387
1.14479
1.1457
1.14661
1.14753
1.14845
1.14936
1.15028
1.15119
1.15211
1.15303
1.15395
1.15486
1.15578
1.1567
1.15762
1.15854
1.15946
1.16038
1.1613
1.16222
1.16314
1.16407
1.16499
1.16591
1.16684
1.16776
1.16868
1.16961
1.17053
1.17146
1.17238
1.17331
1.17424
1.17516
1.17609
1.17702
1.17795
1.17888
1.17981
1.18074
1.18167
1.1826
1.18353
1.18446
1.18539
1.18632
1.18726
1.18819
1.18912
1.19006
1.19099
1.19193
1.19286
1.1938
1.19473
1.19567
1.19661
1.19754
1.19848
1.19942
1.20036
1.2013
1.20224
1.20318
1.20412
1.20506
1.20601
1.20695
1.20789
1.20883
1.20978
1.21072
1.21167
1.21261
1.21356
1.21451
1.21545
1.2164
1.21735
1.2183
1.21925
1.2202
1.22115
1.2221
1.22305
1.224
1.22495
1.22591
1.22686
1.22781
1.22877
1.22972
1.23068
1.23163
1.23259
1.23355
1.23451
1.23547
1.23643
1.23739
1.23835
1.23931
1.24027
1.24123
1.24219
1.24316
1.24412
1.24509
1.24605
1.24702
1.24798
1.24895
1.24992
1.25089
1.25186
1.25283
1.2538
1.25477
1.25574
1.25672
1.25769
1.25866
1.25964
1.26061
1.26159
1.26257
1.26354
1.26452
1.2655
1.26648
1.26746
1.26844
1.26942
1.27041
1.27139
1.27237
1.27336
1.27434
1.27533
1.27632
1.2773
1.27829
1.27928
1.28027
1.28126
1.28225
1.28325
1.28424
1.28523
1.28623
1.28722
1.28822
1.28922
1.29021
1.29121
1.29221
1.29321
1.29421
1.29521
1.29622
1.29722
1.29822
1.29923
1.30023
1.30124
1.30225
1.30326
1.30427
1.30528
1.30629
1.3073
1.30831
1.30932
1.31034
1.31135
1.31237
1.31338
1.3144
1.31542
1.31644
1.31746
1.31848
1.3195
1.32052
1.32155
1.32257
1.3236
1.32462
1.32565
1.32668
1.3277
1.32873
1.32976
1.3308
1.33183
1.33286
1.33389
1.33493
1.33596
1.337
1.33804
1.33908
1.34012
1.34116
1.3422
1.34324
1.34428
1.34532
1.34637
1.34741
1.34846
1.34951
1.35056
1.35161
1.35266
1.35371
1.35476
1.35581
1.35687
1.35792
1.35898
1.36003
1.36109
1.36215
1.36321
1.36427
1.36533
1.36639
1.36745
1.36852
1.36958
1.37065
1.37172
1.37278
1.37385
1.37492
1.37599
1.37706
1.37814
1.37921
1.38028
1.38136
1.38244
1.38351
1.38459
1.38567
1.38675
1.38783
1.38892
1.39
1.39108
1.39217
1.39326
1.39434
1.39543
1.39652
1.39761
1.3987
1.3998
1.40089
1.40199
1.40308
1.40418
1.40528
1.40638
1.40748
1.40858
1.40968
1.41078
1.41189
1.41299
1.4141
1.41521
1.41632
1.41743
1.41854
1.41965
1.42076
1.42188
1.42299
1.42411
1.42523
1.42635
1.42747
1.42859
1.42971
1.43083
1.43196
1.43308
1.43421
1.43534
1.43647
1.4376
1.43873
1.43987
1.441
1.44214
1.44328
1.44441
1.44555
1.4467
1.44784
1.44898
1.45013
1.45127
1.45242
1.45357
1.45472
1.45587
1.45703
1.45818
1.45934
1.4605
1.46166
1.46282
1.46398
1.46514
1.46631
1.46747
1.46864
1.46981
1.47098
1.47215
1.47332
1.4745
1.47568
1.47686
1.47803
1.47922
1.4804
1.48158
1.48277
1.48396
1.48515
1.48634
1.48753
1.48873
1.48992
1.49112
1.49232
1.49352
1.49472
1.49593
1.49713
1.49834
1.49955
1.50076
1.50198
1.50319
1.50441
1.50563
1.50685
1.50807
1.50929
1.51052
1.51175
1.51298
1.51421
1.51544
1.51668
1.51792
1.51916
1.5204
1.52164
1.52289
1.52413
1.52538
1.52663
1.52789
1.52914
1.5304
1.53166
1.53292
1.53418
1.53545
1.53671
1.53798
1.53925
1.54053
1.5418
1.54308
1.54436
1.54564
1.54693
1.54821
1.5495
1.55079
1.55209
1.55338
1.55468
1.55598
1.55728
1.55858
1.55989
1.5612
1.56251
1.56382
1.56513
1.56645
1.56777
1.56909
1.57041
1.57174
1.57307
1.5744
1.57573
1.57707
1.5784
1.57974
1.58109
1.58243
1.58378
1.58512
1.58648
1.58783
1.58918
1.59054
1.5919
1.59327
1.59463
1.596
1.59737
1.59874
1.60011
1.60149
1.60287
1.60425
1.60563
1.60702
1.6084
1.60979
1.61119
1.61258
1.61398
1.61538
1.61678
1.61818
1.61959
1.621
1.62241
1.62382
1.62524
1.62666
1.62808
1.6295
1.63092
1.63235
1.63378
1.63521
1.63664
1.63808
1.63952
1.64096
1.6424
1.64384
1.64529
1.64674
1.64819
1.64965
1.6511
1.65256
1.65402
1.65548
1.65695
1.65841
1.65988
1.66135
1.66283
1.6643
1.66578
1.66726
1.66874
1.67022
1.67171
1.6732
1.67469
1.67618
1.67767
1.67917
1.68067
1.68217
1.68367
1.68517
1.68668
1.68819
1.68969
1.69121
1.69272
1.69424
1.69575
1.69727
1.69879
1.70032
1.70184
1.70337
1.7049
1.70643
1.70796
1.70949
1.71103
1.71257
1.71411
1.71565
1.71719
1.71873
1.72028
1.72183
1.72338
1.72493
1.72648
1.72803
1.72959
1.73115
1.73271
1.73427
1.73583
1.73739
1.73896
1.74052
1.74209
1.74366
1.74523
1.7468
1.74837
1.74995
1.75153
1.7531
1.75468
1.75626
1.75784
1.75943
1.76101
1.76259
1.76418
1.76577
1.76736
1.76895
1.77054
1.77213
1.77372
1.77532
1.77691
1.77851
1.7801
1.7817
1.7833
1.7849
1.7865
1.7881
1.78971
1.79131
1.79292
1.79452
1.79613
1.79773
1.79934
1.80095
1.80256
1.80417
1.80578
1.80739
1.809
1.81061
1.81223
1.81384
1.81545
1.81707
1.81868
1.8203
1.82192
1.82353
1.82515
1.82677
1.82838
1.83
1.83162
1.83324
1.83486
1.83648
1.8381
1.83972
1.84134
1.84296
1.84458
1.8462
1.84782
1.84944
1.85106
1.85268
1.8543
1.85592
1.85754
1.85916
1.86079
1.86241
1.86403
1.86565
1.86727
1.86889
1.87051
1.87213
1.87375
1.87537
1.87699
1.87861
1.88022
1.88184
1.88346
1.88508
1.8867
1.88831
1.88993
1.89154
1.89316
1.89478
1.89639
1.898
1.89962
1.90123
1.90284
1.90445
1.90607
1.90768
1.90929
1.9109
1.9125
1.91411
1.91572
1.91733
1.91893
1.92054
1.92214
1.92375
1.92535
1.92695
1.92855
1.93015
1.93175
1.93335
1.93495
1.93654
1.93814
1.93973
1.94133
1.94292
1.94451
1.9461
1.94769
1.94928
1.95087
1.95245
1.95404
1.95562
1.95721
1.95879
1.96037
1.96195
1.96353
1.96511
1.96668
1.96826
1.96983
1.9714
1.97298
1.97455
1.97611
1.97768
1.97925
1.98081
1.98238
1.98394
1.9855
1.98706
1.98862
1.99018
1.99173
1.99329
1.99484
1.99639
1.99794
1.99949
2.00104
2.00259
2.00413
2.00568
2.00722
2.00876
2.0103
2.01184
2.01337
2.01491
2.01644
2.01797
2.01951
2.02103
2.02256
2.02409
2.02561
2.02714
2.02866
2.03018
2.0317
2.03322
2.03473
2.03625
2.03776
2.03927
2.04078
2.04229
2.04379
2.0453
2.0468
2.04831
2.04981
2.0513
2.0528
2.0543
2.05579
2.05729
2.05878
2.06027
2.06176
2.06324
2.06473
2.06621
2.06769
2.06917
2.07065
2.07213
2.07361
2.07508
2.07655
2.07802
2.07949
2.08096
2.08243
2.08389
2.08536
2.08682
2.08828
2.08974
2.0912
2.09265
2.09411
2.09556
2.09701
2.09846
2.09991
2.10136
2.1028
2.10425
2.10569
2.10713
2.10857
2.11001
2.11144
2.11288
2.11431
2.11574
2.11717
2.1186
2.12003
2.12145
2.12288
2.1243
2.12572
2.12714
2.12856
2.12998
2.13139
2.13281
2.13422
2.13563
2.13704
2.13845
2.13985
2.14126
2.14266
2.14406
2.14547
2.14687
2.14826
2.14966
2.15106
2.15245
2.15384
2.15523
2.15662
2.15801
2.1594
2.16078
2.16217
2.16355
2.16493
2.16631
2.16769
2.16907
2.17044
2.17182
2.17319
2.17457
2.17594
2.17731
2.17867
2.18004
2.18141
2.18277
2.18413
2.1855
2.18686
2.18821
2.18957
2.19093
2.19228
2.19364
2.19499
2.19634
2.19769
2.19904
2.20039
2.20174
2.20308
2.20443
2.20577
2.20711
2.20846
2.20979
2.21113
2.21247
2.21381
2.21514
2.21648
2.21781
2.21914
2.22047
2.2218
2.22313
2.22446
2.22578
2.22711
2.22843
2.22976
2.23108
2.2324
2.23372
2.23504
2.23635
2.23767
2.23899
2.2403
2.24161
2.24293
2.24424
2.24555
2.24686
2.24817
2.24947
2.25078
2.25209
2.25339
2.2547
2.256
2.2573
2.2586
2.2599
2.2612
2.2625
2.2638
2.26509
2.26639
2.26768
2.26898
2.27027
2.27156
2.27285
2.27414
2.27543
2.27672
2.27801
2.27929
2.28058
2.28187
2.28315
2.28443
2.28572
2.287
2.28828
2.28956
2.29084
2.29212
2.2934
2.29468
2.29595
2.29723
2.2985
2.29978
2.30105
2.30233
2.3036
2.30487
2.30614
2.30741
2.30868
2.30995
2.31122
2.31249
2.31375
2.31502
2.31628
2.31755
2.31881
2.32008
2.32134
2.3226
2.32386
2.32513
2.32639
2.32765
2.32891
2.33016
2.33142
2.33268
2.33394
2.33519
2.33645
2.3377
2.33896
2.34021
2.34146
2.34272
2.34397
2.34522
2.34647
2.34772
2.34897
2.35022
2.35147
2.35272
2.35397
2.35521
2.35646
2.35771
2.35895
2.3602
2.36144
2.36269
2.36393
2.36517
2.36642
2.36766
2.3689
2.37014
2.37138
2.37262
2.37386
2.3751
2.37634
2.37758
2.37881
2.38005
2.38129
2.38252
2.38376
2.38499
2.38623
2.38746
2.3887
2.38993
2.39116
2.39239
2.39363
2.39486
2.39609
2.39732
2.39855
2.39978
2.40101
2.40223
2.40346
2.40469
2.40592
2.40714
2.40837
2.4096
2.41082
2.41205
2.41327
2.41449
2.41572
2.41694
2.41816
2.41939
2.42061
2.42183
2.42305
2.42427
2.42549
2.42671
2.42793
2.42915
2.43036
2.43158
2.4328
2.43401
2.43523
2.43645
2.43766
2.43888
2.44009
2.44131
2.44252
2.44373
2.44494
2.44616
2.44737
2.44858
2.44979
2.451
2.45221
2.45342
2.45463
2.45584
2.45705
2.45826
2.45946
2.46067
2.46188
2.46308
2.46429
2.46549
2.4667
2.4679
2.46911
2.47031
2.47151
2.47272
2.47392
2.47512
2.47632
2.47752
2.47872
2.47992
2.48112
2.48232
2.48352
2.48472
2.48592
2.48711
2.48831
2.48951
2.4907
2.4919
2.4931
2.49429
2.49549
2.49668
2.49787
2.49907
2.50026
2.50145
2.50265
2.50384
2.50503
2.50622
2.50741
2.5086
2.50979
2.51098
2.51217
2.51336
2.51455
2.51574
2.51692
2.51811
2.5193
2.52049
2.52167
2.52286
2.52404
2.52523
2.52641
2.5276
2.52878
2.52997
2.53115
2.53233
2.53351
2.5347
2.53588
2.53706
2.53824
2.53942
2.5406
2.54178
2.54296
2.54414
2.54532
2.5465
2.54768
2.54886
2.55004
2.55121
2.55239
2.55357
2.55474
2.55592
2.5571
2.55827
2.55945
2.56062
2.5618
2.56297
2.56415
2.56532
2.56649
2.56767
2.56884
2.57001
2.57119
2.57236
2.57353
2.5747
2.57587
2.57704
2.57822
2.57939
2.58056
2.58173
2.5829
2.58407
2.58523
2.5864
2.58757
2.58874
2.58991
2.59108
2.59224
2.59341
2.59458
2.59575
2.59691
2.59808
2.59925
2.60041
2.60158
2.60274
2.60391
2.60507
2.60624
2.6074
2.60857
2.60973
2.6109
2.61206
2.61322
2.61439
2.61555
2.61671
2.61787
2.61904
2.6202
2.62136
2.62252
2.62368
2.62485
2.62601
2.62717
2.62833
2.62949
2.63065
2.63181
2.63297
2.63413
2.63529
2.63645
2.63761
2.63877
2.63992
2.64108
2.64224
2.6434
2.64456
2.64571
2.64687
2.64803
2.64919
2.65034
2.6515
2.65266
2.65381
2.65497
2.65613
2.65728
2.65844
2.65959
2.66075
2.6619
2.66306
2.66421
2.66537
2.66652
2.66767
2.66883
2.66998
2.67113
2.67229
2.67344
2.67459
2.67575
2.6769
2.67805
2.6792
2.68035
2.68151
2.68266
2.68381
2.68496
2.68611
2.68726
2.68841
2.68956
2.69071
2.69186
2.69301
2.69416
2.69531
2.69646
2.69761
2.69876
2.69991
2.70105
2.7022
2.70335
2.7045
2.70565
2.70679
2.70794
2.70909
2.71023
2.71138
2.71253
2.71367
2.71482
2.71597
2.71711
2.71826
2.7194
2.72055
2.72169
2.72284
2.72398
2.72512
2.72627
2.72741
2.72855
2.7297
2.73084
2.73198
2.73313
2.73427
2.73541
2.73655
2.73769
2.73884
2.73998
2.74112
2.74226
2.7434
2.74454
2.74568
2.74682
2.74796
2.7491
2.75024
2.75138
2.75252
2.75366
2.7548
2.75593
2.75707
2.75821
2.75935
2.76048
2.76162
2.76276
2.76389
2.76503
2.76617
2.7673
2.76844
2.76957
2.77071
2.77184
2.77298
2.77411
2.77525
2.77638
2.77752
2.77865
2.77978
2.78092
2.78205
2.78318
2.78432
2.78545
2.78658
2.78771
2.78884
2.78997
2.79111
2.79224
2.79337
2.7945
2.79563
2.79676
2.79789
2.79902
2.80015
2.80128
2.8024
2.80353
2.80466
2.80579
2.80692
2.80805
2.80917
2.8103
2.81143
2.81255
2.81368
2.81481
2.81593
2.81706
2.81818
2.81931
2.82043
2.82156
2.82268
2.82381
2.82493
2.82606
2.82718
2.8283
2.82943
2.83055
2.83167
2.8328
2.83392
2.83504
2.83616
2.83728
2.83841
2.83953
2.84065
2.84177
2.84289
2.84401
2.84513
2.84625
2.84737
2.84849
2.84961
2.85073
2.85185
2.85296
2.85408
2.8552
2.85632
2.85744
2.85855
2.85967
2.86079
2.86191
2.86302
2.86414
2.86526
2.86637
2.86749
2.8686
2.86972
2.87083
2.87195
2.87306
2.87418
2.87529
2.87641
2.87752
2.87864
2.87975
2.88086
2.88198
2.88309
2.8842
2.88532
2.88643
2.88754
2.88865
2.88977
2.89088
2.89199
2.8931
2.89421
2.89532
2.89644
2.89755
2.89866
2.89977
2.90088
2.90199
2.9031
2.90421
2.90532
2.90643
2.90754
2.90865
2.90976
2.91087
2.91198
2.91308
2.91419
2.9153
2.91641
2.91752
2.91863
2.91973
2.92084
2.92195
2.92306
2.92417
2.92527
2.92638
2.92749
2.9286
2.9297
2.93081
2.93192
2.93302
2.93413
2.93524
2.93634
2.93745
2.93855
2.93966
2.94077
2.94187
2.94298
2.94408
2.94519
2.9463
2.9474
2.94851
2.94961
2.95072
2.95182
2.95293
2.95403
2.95514
2.95624
2.95735
2.95845
2.95956
2.96066
2.96177
2.96287
2.96398
2.96508
2.96619
2.96729
2.96839
2.9695
2.9706
2.97171
2.97281
2.97392
2.97502
2.97612
2.97723
2.97833
2.97944
2.98054
2.98165
2.98275
2.98385
2.98496
2.98606
2.98717
2.98827
2.98937
2.99048
2.99158
2.99269
2.99379
2.99489
2.996
2.9971
2.99821
2.99931
3.00041
3.00152
3.00262
3.00373
3.00483
3.00594
3.00704
3.00814
3.00925
3.01035
3.01146
3.01256
3.01367
3.01477
3.01588
3.01698
3.01808
3.01919
3.02029
3.0214
3.0225
3.02361
3.02471
3.02582
3.02692
3.02803
3.02913
3.03024
3.03134
3.03245
3.03355
3.03466
3.03576
3.03687
3.03798
3.03908
3.04019
3.04129
3.0424
3.0435
3.04461
3.04572
3.04682
3.04793
3.04903
3.05014
3.05125
3.05235
3.05346
3.05457
3.05567
3.05678
3.05789
3.05899
3.0601
3.06121
3.06231
3.06342
3.06453
3.06564
3.06674
3.06785
3.06896
3.07007
3.07117
3.07228
3.07339
3.0745
3.07561
3.07671
3.07782
3.07893
3.08004
3.08115
3.08226
3.08336
3.08447
3.08558
3.08669
3.0878
3.08891
3.09002
3.09113
3.09223
3.09334
3.09445
3.09556
3.09667
3.09778
3.09889
3.1
3.10111
3.10222
3.10333
3.10444
3.10555
3.10666
3.10777
3.10888
3.10999
3.1111
3.11221
3.11332
3.11443
3.11554
3.11665
3.11776
3.11887
3.11998
3.1211
3.12221
3.12332
3.12443
3.12554
3.12665
3.12776
3.12887
3.12998
3.13109
3.13221
3.13332
3.13443
3.13554
3.13665
3.13776
3.13887
3.13998
3.1411
3.14221
3.14332
3.14443
3.14554
3.14665
3.14776
3.14888
3.14999
3.1511
3.15221
3.15332
3.15443
3.15555
3.15666
3.15777
3.15888
3.15999
3.1611
3.16221
3.16332
3.16444
3.16555
3.16666
3.16777
3.16888
3.16999
3.1711
3.17221
3.17332
3.17443
3.17555
3.17666
3.17777
3.17888
3.17999
3.1811
3.18221
3.18332
3.18443
3.18554
3.18665
3.18776
3.18887
3.18998
3.19108
3.19219
3.1933
3.19441
3.19552
3.19663
3.19774
3.19884
3.19995
3.20106
3.20217
3.20328
3.20438
3.20549
3.2066
3.2077
3.20881
3.20992
3.21102
3.21213
3.21323
3.21434
3.21544
3.21655
3.21765
3.21876
3.21986
3.22096
3.22207
3.22317
3.22427
3.22537
3.22647
3.22758
3.22868
3.22978
3.23088
3.23198
3.23308
3.23418
3.23528
3.23637
3.23747
3.23857
3.23967
3.24076
3.24186
3.24295
3.24405
3.24514
3.24624
3.24733
3.24842
3.24951
3.2506
3.2517
3.25279
3.25388
3.25496
3.25605
3.25714
3.25823
3.25931
3.2604
3.26148
3.26257
3.26365
3.26473
3.26581
3.26689
3.26797
3.26905
3.27013
3.27121
3.27228
3.27336
3.27443
3.2755
3.27658
3.27765
3.27872
3.27978
3.28085
3.28192
3.28298
3.28405
3.28511
3.28617
3.28723
3.28829
3.28935
3.2904
3.29146
3.29251
3.29356
3.29461
3.29566
3.29671
3.29775
3.2988
3.29984
3.30088
3.30192
3.30295
3.30399
3.30502
3.30605
3.30708
3.3081
3.30913
3.31015
3.31117
3.31219
3.31321
3.31422
3.31523
3.31624
3.31724
3.31825
3.31925
3.32025
3.32124
3.32224
3.32323
3.32421
3.3252
3.32618
3.32716
3.32813
3.32911
3.33007
3.33104
3.332
3.33296
3.33392
3.33487
3.33582
3.33676
3.3377
3.33864
3.33957
3.3405
3.34142
3.34234
3.34326
3.34417
3.34508
3.34598
3.34688
3.34777
3.34866
3.34954
3.35042
3.35129
3.35216
3.35302
3.35388
3.35473
3.35557
3.35641
3.35725
3.35808
3.3589
3.35971
3.36052
3.36132
3.36212
3.36291
3.36369
3.36447
3.36524
3.366
3.36675
3.3675
3.36824
3.36897
3.36969
3.37041
3.37111
3.37181
3.3725
3.37318
3.37385
3.37452
3.37517
3.37582
3.37645
3.37708
3.37769
3.3783
3.37889
3.37948
3.38006
3.38062
3.38117
3.38172
3.38225
3.38277
3.38328
3.38377
3.38426
3.38473
3.38519
3.38564
3.38607
3.38649
3.3869
3.3873
3.38768
3.38805
3.3884
3.38874
3.38906
3.38937
3.38967
3.38995
3.39021
3.39046
3.3907
3.39091
3.39111
3.3913
3.39147
3.39162
3.39175
3.39186
3.39196
3.39204
3.3921
3.39215
3.39217
3.39217
3.39216
3.39212
3.39207
3.39199
3.3919
3.39178
3.39165
3.39149
3.39131
3.39111
3.39088
3.39063
3.39037
3.39007
3.38976
3.38942
3.38905
3.38867
3.38826
3.38782
3.38736
3.38687
3.38636
3.38582
3.38525
3.38466
3.38404
3.38339
3.38272
3.38202
3.38129
3.38053
3.37974
3.37893
3.37808
3.37721
3.3763
3.37536
3.3744
3.3734
3.37237
3.37131
3.37021
3.36909
3.36793
3.36674
3.36552
3.36426
3.36297
3.36164
3.36028
3.35889
3.35746
3.35599
3.35449
3.35295
3.35138
3.34977
3.34812
3.34643
3.34471
3.34295
3.34115
3.33931
3.33744
3.33552
3.33357
3.33157
3.32954
3.32746
3.32535
3.32319
3.32099
3.31875
3.31647
3.31415
3.31179
3.30938
3.30693
3.30444
3.3019
3.29932
3.2967
3.29403
3.29132
3.28856
3.28576
3.28292
3.28003
3.27709
3.27411
3.27108
3.26801
3.26489
3.26172
3.25851
3.25525
3.25195
3.2486
3.2452
3.24175
3.23826
3.23471
3.23112
3.22749
3.2238
3.22007
3.21629
3.21246
3.20858
3.20465
3.20068
3.19665
3.19258
3.18846
3.18429
3.18007
3.1758
3.17148
3.16712
3.1627
3.15824
3.15373
3.14916
3.14455
3.1399
3.13519
3.13043
3.12563
3.12077
3.11587
3.11092
3.10592
3.10087
3.09578
3.09063
3.08544
3.0802
3.07491
3.06958
3.0642
3.05877
3.05329
3.04777
3.0422
3.03659
3.03093
3.02522
3.01947
3.01367
3.00783
3.00194
2.99601
2.99003
2.98401
2.97795
2.97184
2.96569
2.9595
2.95327
2.94699
2.94067
2.93431
2.92792
2.92148
2.915
2.90848
2.90192
2.89533
2.88869
2.88202
2.87531
2.86857
2.86178
2.85497
2.84811
2.84123
2.83431
2.82735
2.82036
2.81334
2.80629
2.79921
2.79209
2.78495
2.77778
2.77057
2.76334
2.75608
2.74879
2.74148
2.73414
2.72678
2.71939
2.71198
2.70454
2.69708
2.6896
2.6821
2.67458
2.66704
2.65947
2.65189
2.6443
2.63668
2.62905
2.6214
2.61374
2.60607
2.59838
2.59067
2.58296
2.57523
2.5675
2.55975
2.552
2.54424
2.53647
2.52869
2.5209
2.51312
2.50532
2.49753
2.48973
2.48193
2.47412
2.46632
2.45852
2.45071
2.44291
2.43511
2.42732
2.41953
2.41174
2.40396
2.39618
2.38842
2.38065
2.3729
2.36516
2.35743
2.3497
2.34199
2.33429
2.3266
2.31893
2.31127
2.30363
2.296
2.28839
2.28079
2.27321
2.26565
2.25811
2.25059
2.24309
2.23561
2.22816
2.22072
2.21331
2.20592
2.19855
2.19121
2.18389
2.1766
2.16934
2.1621
2.1549
2.14771
2.14056
2.13344
2.12634
2.11928
2.11225
2.10525
2.09828
2.09134
2.08443
2.07756
2.07072
2.06391
2.05714
2.05041
2.0437
2.03704
2.03041
2.02381
2.01725
2.01073
2.00425
1.9978
1.99139
1.98502
1.97869
1.97239
1.96614
1.95992
1.95374
1.9476
1.9415
1.93545
1.92943
1.92345
1.91751
1.91161
1.90575
1.89993
1.89416
1.88842
1.88273
1.87707
1.87146
1.86589
1.86036
1.85487
1.84942
1.84401
1.83865
1.83332
1.82804
1.82279
1.81759
1.81243
1.80731
1.80223
1.79719
1.79219
1.78724
1.78232
1.77744
1.7726
1.76781
1.76305
1.75833
1.75365
1.74901
1.74441
1.73985
1.73532
1.73084
1.72639
1.72198
1.71761
1.71328
1.70898
1.70472
1.7005
1.69631
1.69216
1.68804
1.68396
1.67992
1.67591
1.67193
1.66799
1.66408
1.66021
1.65637
1.65256
1.64879
1.64504
1.64133
1.63766
1.63401
1.63039
1.62681
1.62325
1.61973
1.61623
1.61276
1.60933
1.60592
1.60254
1.59918
1.59586
1.59256
1.58929
1.58604
1.58282
1.57963
1.57646
1.57332
1.5702
1.56711
1.56404
1.56099
1.55797
1.55497
1.55199
1.54904
1.5461
1.54319
1.5403
1.53743
1.53458
1.53175
1.52894
1.52616
1.52339
1.52064
1.5179
1.51519
1.5125
1.50982
1.50716
1.50452
1.50189
1.49928
1.49669
1.49412
1.49156
1.48901
1.48648
1.48397
1.48147
1.47899
1.47652
1.47407
1.47162
1.4692
1.46678
1.46438
1.462
1.45962
1.45726
1.45492
1.45258
1.45026
1.44795
1.44565
1.44336
1.44108
1.43882
1.43656
1.43432
1.43209
1.42987
1.42766
1.42546
1.42327
1.42109
1.41892
1.41677
1.41462
1.41248
1.41035
1.40823
1.40612
1.40402
1.40193
1.39985
1.39778
1.39572
1.39367
1.39162
1.38959
1.38756
1.38554
1.38353
1.38153
1.37954
1.37756
1.37558
1.37362
1.37166
1.36971
1.36777
1.36584
1.36392
1.362
1.3601
1.3582
1.35631
1.35442
1.35255
1.35069
1.34883
1.34698
1.34514
1.3433
1.34148
1.33966
1.33785
1.33605
1.33426
1.33247
1.3307
1.32893
1.32717
1.32542
1.32367
1.32193
1.32021
1.31848
1.31677
1.31507
1.31337
1.31168
1.31
1.30833
1.30666
1.305
1.30335
1.30171
1.30008
1.29845
1.29684
1.29523
1.29362
1.29203
1.29044
1.28886
1.28729
1.28573
1.28418
1.28263
1.28109
1.27956
1.27803
1.27652
1.27501
1.27351
1.27201
1.27053
1.26905
1.26758
1.26612
1.26466
1.26321
1.26177
1.26034
1.25892
1.2575
1.25609
1.25469
1.25329
1.25191
1.25053
1.24915
1.24779
1.24643
1.24508
1.24374
1.2424
1.24107
1.23975
1.23844
1.23713
1.23583
1.23454
1.23325
1.23197
1.2307
1.22944
1.22818
1.22693
1.22569
1.22445
1.22322
1.222
1.22078
1.21958
1.21837
1.21718
1.21599
1.21481
1.21364
1.21247
1.21131
1.21015
1.20901
1.20787
1.20673
1.20561
1.20448
1.20337
1.20226
1.20116
1.20007
1.19898
1.1979
1.19682
1.19575
1.19469
1.19364
1.19259
1.19155
1.19051
1.18948
1.18846
1.18744
1.18643
1.18542
1.18442
1.18343
1.18245
1.18147
1.18049
1.17953
1.17857
1.17761
1.17666
1.17572
1.17478
1.17385
1.17293
1.17201
1.1711
1.17019
1.16929
1.1684
1.16751
1.16663
1.16575
1.16488
1.16402
1.16316
1.1623
1.16146
1.16062
1.15978
1.15895
1.15813
1.15731
1.1565
1.15569
1.15489
1.15409
1.1533
1.15252
1.15174
1.15097
1.1502
1.14944
1.14868
1.14793
1.14718
1.14644
1.14571
1.14498
1.14425
1.14353
1.14282
1.14211
1.1414
1.1407
1.14001
1.13932
1.13863
1.13795
1.13728
1.13661
1.13594
1.13528
1.13463
1.13397
1.13333
1.13268
1.13205
1.13141
1.13078
1.13016
1.12954
1.12892
1.12831
1.1277
1.1271
1.1265
1.12591
1.12531
1.12473
1.12414
1.12356
1.12299
1.12241
1.12185
1.12128
1.12072
1.12016
1.11961
1.11905
1.11851
1.11796
1.11742
1.11688
1.11635
1.11582
1.11529
1.11476
1.11424
1.11372
1.1132
1.11269
1.11218
1.11167
1.11117
1.11066
1.11016
1.10967
1.10917
1.10868
1.10819
1.1077
1.10722
1.10674
1.10626
1.10578
1.1053
1.10483
1.10436
1.10389
1.10343
1.10296
1.1025
1.10204
1.10159
1.10113
1.10068
1.10023
1.09978
1.09933
1.09889
1.09844
1.098
1.09756
1.09713
1.09669
1.09626
1.09583
1.0954
1.09498
1.09455
1.09413
1.09371
1.09329
1.09288
1.09246
1.09205
1.09164
1.09123
1.09083
1.09043
1.09003
1.08963
1.08923
1.08884
1.08844
1.08806
1.08767
1.08728
1.0869
1.08652
1.08614
1.08577
1.0854
1.08503
1.08466
1.0843
1.08394
1.08358
1.08322
1.08287
1.08252
1.08217
1.08182
1.08148
1.08114
1.08081
1.08047
1.08015
1.07982
1.0795
1.07918
1.07886
1.07855
1.07824
1.07793
1.07763
1.07733
1.07703
1.07674
1.07645
1.07617
1.07589
1.07561
1.07534
1.07507
1.0748
1.07454
1.07428
1.07403
1.07378
1.07354
1.0733
1.07306
1.07283
1.0726
1.07237
1.07215
1.07194
1.07173
1.07152
1.07132
1.07112
1.07093
1.07074
1.07055
1.07037
1.0702
1.07003
1.06986
1.0697
1.06955
1.06939
1.06925
1.0691
1.06897
1.06883
1.0687
1.06858
1.06846
1.06835
1.06824
1.06813
1.06803
1.06794
1.06785
1.06776
1.06768
1.0676
1.06753
1.06747
1.0674
1.06734
1.06729
1.06724
1.0672
1.06716
1.06712
1.06709
1.06707
1.06705
1.06703
1.06702
1.06701
1.067
1.067
1.06701
1.06702
1.06703
1.06704
1.06707
1.06709
1.06712
1.06715
1.06719
1.06723
1.06727
1.06732
1.06737
1.06743
1.06749
1.06755
1.06762
1.06769
1.06776
1.06784
1.06792
1.068
1.06808
1.06817
1.06827
1.06836
1.06846
1.06856
1.06866
1.06877
1.06888
1.06899
1.0691
1.06922
1.06934
1.06946
1.06959
1.06971
1.06984
1.06997
1.0701
1.07024
1.07037
1.07051
1.07065
1.07079
1.07094
1.07108
1.07123
1.07137
1.07152
1.07167
1.07183
1.07198
1.07213
1.07229
1.07245
1.0726
1.07276
1.07292
1.07308
1.07324
1.07341
1.07357
1.07373
1.0739
1.07406
1.07423
1.07439
1.07456
1.07472
1.07489
1.07506
1.07522
1.07539
1.07556
1.07573
1.07589
1.07606
1.07623
1.0764
1.07656
1.07673
1.0769
1.07707
1.07723
1.0774
1.07757
1.07773
1.0779
1.07807
1.07823
1.0784
1.07856
1.07873
1.07889
1.07905
1.07922
1.07938
1.07954
1.07971
1.07987
1.08003
1.08019
1.08035
1.08051
1.08067
1.08083
1.08099
1.08115
1.08131
1.08147
1.08163
1.08178
1.08194
1.0821
1.08225
1.08241
1.08256
1.08272
1.08288
1.08303
1.08319
1.08334
1.0835
1.08365
1.0838
1.08396
1.08411
1.08427
1.08442
1.08458
1.08473
1.08489
1.08504
1.0852
1.08535
1.08551
1.08566
1.08582
1.08597
1.08613
1.08629
1.08645
1.08661
1.08676
1.08692
1.08708
1.08725
1.08741
1.08757
1.08773
1.0879
1.08806
1.08823
1.0884
1.08857
1.08874
1.08891
1.08908
1.08925
1.08943
1.0896
1.08978
1.08996
1.09014
1.09032
1.0905
1.09069
1.09087
1.09106
1.09125
1.09145
1.09164
1.09184
1.09203
1.09223
1.09244
1.09264
1.09285
1.09305
1.09327
1.09348
1.09369
1.09391
1.09413
1.09435
1.09458
1.09481
1.09504
1.09527
1.0955
1.09574
1.09598
1.09623
1.09647
1.09672
1.09697
1.09723
1.09749
1.09775
1.09801
1.09828
1.09855
1.09882
1.0991
1.09938
1.09966
1.09994
1.10023
1.10052
1.10082
1.10112
1.10142
1.10172
1.10203
1.10234
1.10266
1.10298
1.1033
1.10362
1.10395
1.10428
1.10462
1.10496
1.1053
1.10564
1.10599
1.10634
1.1067
1.10706
1.10742
1.10779
1.10816
1.10853
1.10891
1.10929
1.10967
1.11006
1.11045
1.11084
1.11124
1.11164
1.11204
1.11245
1.11286
1.11328
1.11369
1.11411
1.11454
1.11497
1.1154
1.11583
1.11627
1.11671
1.11715
1.1176
1.11805
1.1185
1.11896
1.11942
1.11988
1.12035
1.12082
1.12129
1.12176
1.12224
1.12272
1.12321
1.12369
1.12418
1.12467
1.12517
1.12567
1.12617
1.12667
1.12718
1.12768
1.1282
1.12871
1.12923
1.12974
1.13027
1.13079
1.13132
1.13184
1.13237
1.13291
1.13344
1.13398
1.13452
1.13506
1.13561
1.13615
1.1367
1.13725
1.1378
1.13836
1.13891
1.13947
1.14003
1.14059
1.14115
1.14172
1.14228
1.14285
1.14342
1.14399
1.14456
1.14514
1.14571
1.14629
1.14687
1.14745
1.14803
1.14861
1.14919
1.14978
1.15036
1.15095
1.15154
1.15212
1.15271
1.1533
1.15389
1.15449
1.15508
1.15567
1.15627
1.15686
1.15746
1.15805
1.15865
1.15925
1.15985
1.16045
1.16105
1.16164
1.16224
1.16284
1.16345
1.16405
1.16465
1.16525
1.16585
1.16645
1.16705
1.16766
1.16826
1.16886
1.16946
1.17007
1.17067
1.17127
1.17187
1.17248
1.17308
1.17368
1.17428
1.17488
1.17548
1.17609
1.17669
1.17729
1.17789
1.17849
1.17909
1.17969
1.18028
1.18088
1.18148
1.18208
1.18268
1.18327
1.18387
1.18446
1.18506
1.18565
1.18625
1.18684
1.18743
1.18802
1.18862
1.18921
1.1898
1.19039
1.19098
1.19156
1.19215
1.19274
1.19332
1.19391
1.19449
1.19508
1.19566
1.19624
1.19683
1.19741
1.19799
1.19857
1.19914
1.19972
1.2003
1.20088
1.20145
1.20203
1.2026
1.20317
1.20375
1.20432
1.20489
1.20546
1.20603
1.2066
1.20716
1.20773
1.2083
1.20886
1.20943
1.20999
1.21055
1.21111
1.21168
1.21224
1.2128
1.21336
1.21392
1.21447
1.21503
1.21559
1.21614
1.2167
1.21725
1.21781
1.21836
1.21891
1.21947
1.22002
1.22057
1.22112
1.22167
1.22222
1.22277
1.22332
1.22386
1.22441
1.22496
1.2255
1.22605
1.2266
1.22714
1.22769
1.22823
1.22878
1.22932
1.22986
1.23041
1.23095
1.23149
1.23204
1.23258
1.23312
1.23367
1.23421
1.23475
1.23529
1.23583
1.23638
1.23692
1.23746
1.238
1.23855
1.23909
1.23963
1.24017
1.24072
1.24126
1.2418
1.24235
1.24289
1.24344
1.24398
1.24452
1.24507
1.24562
1.24616
1.24671
1.24726
1.2478
1.24835
1.2489
1.24945
1.25
1.25055
1.2511
1.25165
1.25221
1.25276
1.25332
1.25387
1.25443
1.25498
1.25554
1.2561
1.25666
1.25722
1.25778
1.25835
1.25891
1.25948
1.26004
1.26061
1.26118
1.26175
1.26232
1.26289
1.26347
1.26404
1.26462
1.2652
1.26577
1.26636
1.26694
1.26752
1.26811
1.26869
1.26928
1.26987
1.27046
1.27106
1.27165
1.27225
1.27284
1.27344
1.27405
1.27465
1.27525
1.27586
1.27647
1.27708
1.27769
1.27831
1.27892
1.27954
1.28016
1.28079
1.28141
1.28204
1.28266
1.28329
1.28393
1.28456
1.2852
1.28584
1.28648
1.28712
1.28777
1.28842
1.28906
1.28972
1.29037
1.29103
1.29169
1.29235
1.29301
1.29368
1.29435
1.29502
1.29569
1.29636
1.29704
1.29772
1.2984
1.29909
1.29977
1.30046
1.30116
1.30185
1.30255
1.30325
1.30395
1.30465
1.30536
1.30607
1.30678
1.30749
1.30821
1.30893
1.30965
1.31037
1.3111
1.31183
1.31256
1.31329
1.31403
1.31477
1.31551
1.31625
1.317
1.31775
1.3185
1.31925
1.32001
1.32076
1.32152
1.32229
1.32305
1.32382
1.32459
1.32536
1.32614
1.32692
1.3277
1.32848
1.32926
1.33005
1.33084
1.33163
1.33243
1.33322
1.33402
1.33482
1.33563
1.33643
1.33724
1.33805
1.33886
1.33968
1.3405
1.34132
1.34214
1.34296
1.34379
1.34461
1.34544
1.34628
1.34711
1.34795
1.34879
1.34963
1.35047
1.35131
1.35216
1.35301
1.35386
1.35471
1.35557
1.35642
1.35728
1.35814
1.35901
1.35987
1.36074
1.3616
1.36247
1.36335
1.36422
1.36509
1.36597
1.36685
1.36773
1.36861
1.3695
1.37038
1.37127
1.37216
1.37305
1.37394
1.37483
1.37573
1.37663
1.37753
1.37843
1.37933
1.38023
1.38113
1.38204
1.38295
1.38386
1.38477
1.38568
1.38659
1.3875
1.38842
1.38934
1.39025
1.39117
1.39209
1.39302
1.39394
1.39486
1.39579
1.39672
1.39765
1.39857
1.3995
1.40044
1.40137
1.4023
1.40324
1.40417
1.40511
1.40605
1.40699
1.40793
1.40887
1.40981
1.41075
1.4117
1.41264
1.41359
1.41454
1.41548
1.41643
1.41738
1.41833
1.41929
1.42024
1.42119
1.42215
1.4231
1.42406
1.42501
1.42597
1.42693
1.42789
1.42885
1.42981
1.43077
1.43174
1.4327
1.43366
1.43463
1.43559
1.43656
1.43753
1.43849
1.43946
1.44043
1.4414
1.44237
1.44335
1.44432
1.44529
1.44626
1.44724
1.44821
1.44919
1.45017
1.45114
1.45212
1.4531
1.45408
1.45506
1.45604
1.45702
1.45801
1.45899
1.45997
1.46096
1.46194
1.46293
1.46392
1.4649
1.46589
1.46688
1.46787
1.46886
1.46985
1.47084
1.47184
1.47283
1.47382
1.47482
1.47581
1.47681
1.47781
1.4788
1.4798
1.4808
1.4818
1.4828
1.4838
1.48481
1.48581
1.48681
1.48782
1.48883
1.48983
1.49084
1.49185
1.49286
1.49387
1.49488
1.49589
1.4969
1.49792
1.49893
1.49995
1.50096
1.50198
1.503
1.50402
1.50504
1.50606
1.50708
1.5081
1.50913
1.51015
1.51118
1.51221
1.51324
1.51426
1.51529
1.51633
1.51736
1.51839
1.51943
1.52046
1.5215
1.52254
1.52358
1.52462
1.52566
1.5267
1.52774
1.52879
1.52984
1.53088
1.53193
1.53298
1.53403
1.53508
1.53614
1.53719
1.53825
1.53931
1.54036
1.54142
1.54249
1.54355
1.54461
1.54568
1.54674
1.54781
1.54888
1.54995
1.55102
1.5521
1.55317
1.55425
1.55533
1.55641
1.55749
1.55857
1.55965
1.56074
1.56182
1.56291
1.564
1.56509
1.56619
1.56728
1.56837
1.56947
1.57057
1.57167
1.57277
1.57388
1.57498
1.57609
1.57719
1.5783
1.57942
1.58053
1.58164
1.58276
1.58388
1.58499
1.58612
1.58724
1.58836
1.58949
1.59061
1.59174
1.59287
1.59401
1.59514
1.59627
1.59741
1.59855
1.59969
1.60083
1.60198
1.60312
1.60427
1.60542
1.60657
1.60772
1.60887
1.61003
1.61119
1.61234
1.61351
1.61467
1.61583
1.617
1.61816
1.61933
1.6205
1.62167
1.62285
1.62402
1.6252
1.62638
1.62756
1.62874
1.62993
1.63111
1.6323
1.63349
1.63468
1.63587
1.63706
1.63826
1.63946
1.64066
1.64186
1.64306
1.64426
1.64547
1.64667
1.64788
1.64909
1.6503
1.65152
1.65273
1.65395
1.65517
1.65639
1.65761
1.65883
1.66006
1.66128
1.66251
1.66374
1.66497
1.66621
1.66744
1.66868
1.66991
1.67115
1.67239
1.67364
1.67488
1.67613
1.67737
1.67862
1.67987
1.68112
1.68238
1.68363
1.68489
1.68614
1.6874
1.68866
1.68993
1.69119
1.69245
1.69372
1.69499
1.69626
1.69753
1.6988
1.70008
1.70135
1.70263
1.70391
1.70519
1.70647
1.70775
1.70903
1.71032
1.71161
1.7129
1.71419
1.71548
1.71677
1.71806
1.71936
1.72065
1.72195
1.72325
1.72455
1.72586
1.72716
1.72846
1.72977
1.73108
1.73239
1.7337
1.73501
1.73632
1.73763
1.73895
1.74027
1.74158
1.7429
1.74422
1.74554
1.74687
1.74819
1.74952
1.75084
1.75217
1.7535
1.75483
1.75616
1.75749
1.75883
1.76016
1.7615
1.76283
1.76417
1.76551
1.76685
1.76819
1.76954
1.77088
1.77222
1.77357
1.77492
1.77626
1.77761
1.77896
1.78031
1.78167
1.78302
1.78437
1.78573
1.78708
1.78844
1.7898
1.79116
1.79252
1.79388
1.79524
1.7966
1.79796
1.79933
1.80069
1.80206
1.80342
1.80479
1.80616
1.80752
1.80889
1.81026
1.81163
1.81301
1.81438
1.81575
1.81712
1.8185
1.81987
1.82125
1.82262
1.824
1.82538
1.82675
1.82813
1.82951
1.83089
1.83227
1.83365
1.83503
1.83641
1.83779
1.83917
1.84055
1.84193
1.84332
1.8447
1.84608
1.84746
1.84885
1.85023
1.85161
1.853
1.85438
1.85577
1.85715
1.85854
1.85992
1.8613
1.86269
1.86407
1.86546
1.86684
1.86823
1.86961
1.871
1.87238
1.87377
1.87515
1.87653
1.87792
1.8793
1.88068
1.88207
1.88345
1.88483
1.88622
1.8876
1.88898
1.89036
1.89174
1.89312
1.8945
1.89588
1.89726
1.89864
1.90002
1.9014
1.90278
1.90415
1.90553
1.90691
1.90828
1.90966
1.91103
1.9124
1.91378
1.91515
1.91652
1.91789
1.91926
1.92063
1.922
1.92337
1.92473
1.9261
1.92747
1.92883
1.93019
1.93156
1.93292
1.93428
1.93564
1.937
1.93836
1.93971
1.94107
1.94243
1.94378
1.94513
1.94649
1.94784
1.94919
1.95054
1.95189
1.95323
1.95458
1.95593
1.95727
1.95861
1.95995
1.9613
1.96264
1.96397
1.96531
1.96665
1.96798
1.96932
1.97065
1.97198
1.97331
1.97464
1.97597
1.9773
1.97862
1.97995
1.98127
1.98259
1.98391
1.98523
1.98655
1.98787
1.98919
1.9905
1.99181
1.99313
1.99444
1.99575
1.99706
1.99837
1.99967
2.00098
2.00228
2.00358
2.00488
2.00619
2.00748
2.00878
2.01008
2.01137
2.01267
2.01396
2.01525
2.01654
2.01783
2.01912
2.02041
2.0217
2.02298
2.02426
2.02555
2.02683
2.02811
2.02939
2.03067
2.03194
2.03322
2.03449
2.03577
2.03704
2.03831
2.03958
2.04085
2.04212
2.04338
2.04465
2.04591
2.04718
2.04844
2.0497
2.05096
2.05222
2.05348
2.05474
2.056
2.05725
2.05851
2.05976
2.06102
2.06227
2.06352
2.06477
2.06602
2.06727
2.06851
2.06976
2.07101
2.07225
2.0735
2.07474
2.07598
2.07722
2.07846
2.0797
2.08094
2.08218
2.08342
2.08466
2.08589
2.08713
2.08836
2.0896
2.09083
2.09206
2.09329
2.09453
2.09576
2.09699
2.09822
2.09944
2.10067
2.1019
2.10313
2.10435
2.10558
2.1068
2.10803
2.10925
2.11047
2.1117
2.11292
2.11414
2.11536
2.11658
2.1178
2.11902
2.12024
2.12146
2.12267
2.12389
2.12511
2.12632
2.12754
2.12875
2.12997
2.13118
2.1324
2.13361
2.13482
2.13603
2.13725
2.13846
2.13967
2.14088
2.14209
2.1433
2.14451
2.14572
2.14693
2.14814
2.14934
2.15055
2.15176
2.15296
2.15417
2.15538
2.15658
2.15779
2.15899
2.16019
2.1614
2.1626
2.1638
2.16501
