0.451094
0.45219
0.453287
0.454383
0.455479
0.456575
0.457671
0.458767
0.459863
0.460959
0.462054
0.46315
0.464246
0.465341
0.466437
0.467532
0.468627
0.469723
0.470818
0.471913
0.473008
0.474103
0.475198
0.476293
0.477388
0.478483
0.479577
0.480672
0.481766
0.482861
0.483955
0.48505
0.486144
0.487238
0.488332
0.489426
0.49052
0.491614
0.492708
0.493802
0.494896
0.495989
0.497083
0.498177
0.49927
0.500364
0.501457
0.50255
0.503643
0.504737
0.50583
0.506923
0.508016
0.509109
0.510201
0.511294
0.512387
0.51348
0.514572
0.515665
0.516757
0.517849
0.518942
0.520034
0.521126
0.522218
0.52331
0.524402
0.525494
0.526586
0.527678
0.528769
0.529861
0.530953
0.532044
0.533136
0.534227
0.535318
0.53641
0.537501
0.538592
0.539683
0.540774
0.541865
0.542956
0.544046
0.545137
0.546228
0.547318
0.548409
0.549499
0.55059
0.55168
0.55277
0.55386
0.554951
0.556041
0.557131
0.55822
0.55931
0.5604
0.56149
0.562579
0.563669
0.564759
0.565848
0.566937
0.568027
0.569116
0.570205
0.571294
0.572383
0.573472
0.574561
0.57565
0.576739
0.577828
0.578916
0.580005
0.581093
0.582182
0.58327
0.584359
0.585447
0.586535
0.587623
0.588711
0.589799
0.590887
0.591975
0.593063
0.59415
0.595238
0.596326
0.597413
0.598501
0.599588
0.600675
0.601763
0.60285
0.603937
0.605024
0.606111
0.607198
0.608285
0.609371
0.610458
0.611545
0.612631
0.613718
0.614804
0.615891
0.616977
0.618063
0.61915
0.620236
0.621322
0.622408
0.623494
0.624579
0.625665
0.626751
0.627837
0.628922
0.630008
0.631093
0.632178
0.633264
0.634349
0.635434
0.636519
0.637604
0.638689
0.639774
0.640859
0.641944
0.643028
0.644113
0.645198
0.646282
0.647367
0.648451
0.649535
0.65062
0.651704
0.652788
0.653872
0.654956
0.65604
0.657123
0.658207
0.659291
0.660375
0.661458
0.662542
0.663625
0.664708
0.665792
0.666875
0.667958
0.669041
0.670124
0.671207
0.67229
0.673373
0.674456
0.675538
0.676621
0.677703
0.678786
0.679868
0.680951
0.682033
0.683115
0.684197
0.685279
0.686361
0.687443
0.688525
0.689607
0.690689
0.69177
0.692852
0.693933
0.695015
0.696096
0.697177
0.698259
0.69934
0.700421
0.701502
0.702583
0.703664
0.704745
0.705826
0.706906
0.707987
0.709067
0.710148
0.711228
0.712309
0.713389
0.714469
0.715549
0.71663
0.71771
0.718789
0.719869
0.720949
0.722029
0.723109
0.724188
0.725268
0.726347
0.727427
0.728506
0.729585
0.730664
0.731744
0.732823
0.733902
0.734981
0.736059
0.737138
0.738217
0.739296
0.740374
0.741453
0.742531
0.743609
0.744688
0.745766
0.746844
0.747922
0.749
0.750078
0.751156
0.752234
0.753312
0.754389
0.755467
0.756545
0.757622
0.758699
0.759777
0.760854
0.761931
0.763008
0.764085
0.765162
0.766239
0.767316
0.768393
0.76947
0.770546
0.771623
0.772699
0.773776
0.774852
0.775929
0.777005
0.778081
0.779157
0.780233
0.781309
0.782385
0.783461
0.784536
0.785612
0.786688
0.787763
0.788839
0.789914
0.790989
0.792065
0.79314
0.794215
0.79529
0.796365
0.79744
0.798515
0.799589
0.800664
0.801739
0.802813
0.803888
0.804962
0.806037
0.807111
0.808185
0.809259
0.810333
0.811407
0.812481
0.813555
0.814629
0.815703
0.816776
0.81785
0.818923
0.819997
0.82107
0.822143
0.823217
0.82429
0.825363
0.826436
0.827509
0.828582
0.829654
0.830727
0.8318
0.832872
0.833945
0.835017
0.83609
0.837162
0.838234
0.839306
0.840378
0.84145
0.842522
0.843594
0.844666
0.845738
0.846809
0.847881
0.848953
0.850024
0.851095
0.852167
0.853238
0.854309
0.85538
0.856451
0.857522
0.858593
0.859664
0.860735
0.861805
0.862876
0.863946
0.865017
0.866087
0.867158
0.868228
0.869298
0.870368
0.871438
0.872508
0.873578
0.874648
0.875718
0.876787
0.877857
0.878926
0.879996
0.881065
0.882135
0.883204
0.884273
0.885342
0.886411
0.88748
0.888549
0.889618
0.890686
0.891755
0.892824
0.893892
0.894961
0.896029
0.897097
0.898166
0.899234
0.900302
0.90137
0.902438
0.903506
0.904574
0.905641
0.906709
0.907777
0.908844
0.909912
0.910979
0.912046
0.913113
0.914181
0.915248
0.916315
0.917382
0.918449
0.919515
0.920582
0.921649
0.922715
0.923782
0.924848
0.925915
0.926981
0.928047
0.929113
0.930179
0.931245
0.932311
0.933377
0.934443
0.935509
0.936574
0.93764
0.938705
0.939771
0.940836
0.941901
0.942967
0.944032
0.945097
0.946162
0.947227
0.948292
0.949356
0.950421
0.951486
0.95255
0.953615
0.954679
0.955744
0.956808
0.957872
0.958936
0.96
0.961064
0.962128
0.963192
0.964256
0.965319
0.966383
0.967447
0.96851
0.969573
0.970637
0.9717
0.972763
0.973826
0.974889
0.975952
0.977015
0.978078
0.979141
0.980203
0.981266
0.982329
0.983391
0.984453
0.985516
0.986578
0.98764
0.988702
0.989764
0.990826
0.991888
0.99295
0.994012
0.995073
0.996135
0.997197
0.998258
0.999319
1.00038
1.00144
1.0025
1.00356
1.00463
1.00569
1.00675
1.00781
1.00887
1.00993
1.01099
1.01205
1.01311
1.01417
1.01523
1.01629
1.01735
1.01841
1.01947
1.02053
1.02159
1.02265
1.02371
1.02477
1.02583
1.02689
1.02795
1.02901
1.03007
1.03113
1.03219
1.03325
1.0343
1.03536
1.03642
1.03748
1.03854
1.0396
1.04066
1.04172
1.04277
1.04383
1.04489
1.04595
1.04701
1.04807
1.04912
1.05018
1.05124
1.0523
1.05336
1.05441
1.05547
1.05653
1.05759
1.05864
1.0597
1.06076
1.06182
1.06287
1.06393
1.06499
1.06604
1.0671
1.06816
1.06921
1.07027
1.07133
1.07238
1.07344
1.0745
1.07555
1.07661
1.07767
1.07872
1.07978
1.08083
1.08189
1.08295
1.084
1.08506
1.08611
1.08717
1.08822
1.08928
1.09033
1.09139
1.09245
1.0935
1.09456
1.09561
1.09667
1.09772
1.09878
1.09983
1.10089
1.10194
1.103
1.10405
1.1051
1.10616
1.10721
1.10827
1.10932
1.11038
1.11143
1.11248
1.11354
1.11459
1.11565
1.1167
1.11775
1.11881
1.11986
1.12092
1.12197
1.12302
1.12408
1.12513
1.12618
1.12724
1.12829
1.12934
1.1304
1.13145
1.1325
1.13355
1.13461
1.13566
1.13671
1.13777
1.13882
1.13987
1.14092
1.14198
1.14303
1.14408
1.14513
1.14619
1.14724
1.14829
1.14934
1.15039
1.15145
1.1525
1.15355
1.1546
1.15565
1.15671
1.15776
1.15881
1.15986
1.16091
1.16196
1.16302
1.16407
1.16512
1.16617
1.16722
1.16827
1.16932
1.17038
1.17143
1.17248
1.17353
1.17458
1.17563
1.17668
1.17773
1.17878
1.17983
1.18089
1.18194
1.18299
1.18404
1.18509
1.18614
1.18719
1.18824
1.18929
1.19034
1.19139
1.19244
1.19349
1.19454
1.19559
1.19664
1.19769
1.19875
1.1998
1.20085
1.2019
1.20295
1.204
1.20505
1.2061
1.20715
1.2082
1.20925
1.2103
1.21135
1.2124
1.21345
1.2145
1.21555
1.2166
1.21765
1.2187
1.21975
1.2208
1.22185
1.2229
1.22395
1.225
1.22605
1.2271
1.22815
1.2292
1.23025
1.2313
1.23235
1.2334
1.23445
1.2355
1.23655
1.2376
1.23865
1.2397
1.24075
1.2418
1.24285
1.2439
1.24495
1.246
1.24705
1.2481
1.24915
1.2502
1.25125
1.2523
1.25335
1.2544
1.25545
1.2565
1.25755
1.2586
1.25965
1.2607
1.26175
1.2628
1.26385
1.2649
1.26595
1.267
1.26805
1.2691
1.27015
1.2712
1.27225
1.27331
1.27436
1.27541
1.27646
1.27751
1.27856
1.27961
1.28066
1.28171
1.28277
1.28382
1.28487
1.28592
1.28697
1.28802
1.28908
1.29013
1.29118
1.29223
1.29328
1.29434
1.29539
1.29644
1.29749
1.29855
1.2996
1.30065
1.3017
1.30276
1.30381
1.30486
1.30592
1.30697
1.30802
1.30908
1.31013
1.31118
1.31224
1.31329
1.31435
1.3154
1.31646
1.31751
1.31857
1.31962
1.32067
1.32173
1.32279
1.32384
1.3249
1.32595
1.32701
1.32806
1.32912
1.33018
1.33123
1.33229
1.33335
1.3344
1.33546
1.33652
1.33758
1.33863
1.33969
1.34075
1.34181
1.34287
1.34393
1.34498
1.34604
1.3471
1.34816
1.34922
1.35028
1.35134
1.3524
1.35346
1.35453
1.35559
1.35665
1.35771
1.35877
1.35983
1.3609
1.36196
1.36302
1.36408
1.36515
1.36621
1.36728
1.36834
1.3694
1.37047
1.37153
1.3726
1.37367
1.37473
1.3758
1.37686
1.37793
1.379
1.38007
1.38113
1.3822
1.38327
1.38434
1.38541
1.38648
1.38755
1.38862
1.38969
1.39076
1.39183
1.3929
1.39398
1.39505
1.39612
1.39719
1.39827
1.39934
1.40042
1.40149
1.40257
1.40364
1.40472
1.40579
1.40687
1.40795
1.40903
1.4101
1.41118
1.41226
1.41334
1.41442
1.4155
1.41658
1.41767
1.41875
1.41983
1.42091
1.422
1.42308
1.42417
1.42525
1.42634
1.42742
1.42851
1.4296
1.43068
1.43177
1.43286
1.43395
1.43504
1.43613
1.43722
1.43831
1.43941
1.4405
1.44159
1.44269
1.44378
1.44488
1.44597
1.44707
1.44817
1.44926
1.45036
1.45146
1.45256
1.45366
1.45476
1.45587
1.45697
1.45807
1.45917
1.46028
1.46138
1.46249
1.4636
1.46471
1.46581
1.46692
1.46803
1.46914
1.47025
1.47137
1.47248
1.47359
1.47471
1.47582
1.47694
1.47806
1.47917
1.48029
1.48141
1.48253
1.48365
1.48477
1.4859
1.48702
1.48814
1.48927
1.49039
1.49152
1.49265
1.49378
1.49491
1.49604
1.49717
1.4983
1.49944
1.50057
1.50171
1.50284
1.50398
1.50512
1.50626
1.5074
1.50854
1.50968
1.51082
1.51197
1.51311
1.51426
1.51541
1.51655
1.5177
1.51885
1.52001
1.52116
1.52231
1.52347
1.52462
1.52578
1.52694
1.5281
1.52926
1.53042
1.53158
1.53274
1.53391
1.53507
1.53624
1.53741
1.53858
1.53975
1.54092
1.54209
1.54327
1.54444
1.54562
1.54679
1.54797
1.54915
1.55033
1.55152
1.5527
1.55388
1.55507
1.55626
1.55745
1.55864
1.55983
1.56102
1.56221
1.56341
1.56461
1.5658
1.567
1.5682
1.5694
1.57061
1.57181
1.57302
1.57422
1.57543
1.57664
1.57785
1.57906
1.58028
1.58149
1.58271
1.58393
1.58515
1.58637
1.58759
1.58881
1.59004
1.59126
1.59249
1.59372
1.59495
1.59618
1.59742
1.59865
1.59989
1.60112
1.60236
1.6036
1.60484
1.60609
1.60733
1.60858
1.60983
1.61108
1.61233
1.61358
1.61483
1.61609
1.61734
1.6186
1.61986
1.62112
1.62239
1.62365
1.62492
1.62618
1.62745
1.62872
1.62999
1.63127
1.63254
1.63382
1.63509
1.63637
1.63765
1.63894
1.64022
1.6415
1.64279
1.64408
1.64537
1.64666
1.64795
1.64925
1.65054
1.65184
1.65314
1.65444
1.65574
1.65704
1.65835
1.65965
1.66096
1.66227
1.66358
1.66489
1.66621
1.66752
1.66884
1.67016
1.67148
1.6728
1.67412
1.67545
1.67677
1.6781
1.67943
1.68076
1.68209
1.68343
1.68476
1.6861
1.68743
1.68877
1.69011
1.69146
1.6928
1.69414
1.69549
1.69684
1.69819
1.69954
1.70089
1.70224
1.7036
1.70496
1.70631
1.70767
1.70903
1.7104
1.71176
1.71312
1.71449
1.71586
1.71723
1.7186
1.71997
1.72134
1.72272
1.72409
1.72547
1.72685
1.72823
1.72961
1.73099
1.73237
1.73376
1.73514
1.73653
1.73792
1.73931
1.7407
1.74209
1.74348
1.74488
1.74627
1.74767
1.74907
1.75047
1.75187
1.75327
1.75467
1.75608
1.75748
1.75889
1.7603
1.7617
1.76311
1.76452
1.76593
1.76735
1.76876
1.77018
1.77159
1.77301
1.77443
1.77584
1.77726
1.77868
1.78011
1.78153
1.78295
1.78438
1.7858
1.78723
1.78865
1.79008
1.79151
1.79294
1.79437
1.7958
1.79723
1.79866
1.8001
1.80153
1.80297
1.8044
1.80584
1.80728
1.80871
1.81015
1.81159
1.81303
1.81447
1.81591
1.81735
1.8188
1.82024
1.82168
1.82313
1.82457
1.82602
1.82746
1.82891
1.83035
1.8318
1.83325
1.83469
1.83614
1.83759
1.83904
1.84049
1.84194
1.84339
1.84484
1.84629
1.84774
1.84919
1.85064
1.8521
1.85355
1.855
1.85645
1.8579
1.85936
1.86081
1.86226
1.86372
1.86517
1.86662
1.86808
1.86953
1.87098
1.87244
1.87389
1.87534
1.8768
1.87825
1.8797
1.88116
1.88261
1.88406
1.88552
1.88697
1.88842
1.88988
1.89133
1.89278
1.89423
1.89568
1.89714
1.89859
1.90004
1.90149
1.90294
1.90439
1.90584
1.90729
1.90874
1.91019
1.91163
1.91308
1.91453
1.91598
1.91742
1.91887
1.92031
1.92176
1.9232
1.92465
1.92609
1.92753
1.92897
1.93042
1.93186
1.9333
1.93474
1.93618
1.93761
1.93905
1.94049
1.94192
1.94336
1.94479
1.94623
1.94766
1.94909
1.95052
1.95196
1.95338
1.95481
1.95624
1.95767
1.9591
1.96052
1.96194
1.96337
1.96479
1.96621
1.96763
1.96905
1.97047
1.97189
1.9733
1.97472
1.97613
1.97755
1.97896
1.98037
1.98178
1.98319
1.9846
1.986
1.98741
1.98881
1.99021
1.99162
1.99302
1.99442
1.99581
1.99721
1.99861
2
2.00139
2.00278
2.00417
2.00556
2.00695
2.00834
2.00972
2.01111
2.01249
2.01387
2.01525
2.01663
2.018
2.01938
2.02075
2.02212
2.02349
2.02486
2.02623
2.0276
2.02896
2.03032
2.03169
2.03305
2.0344
2.03576
2.03712
2.03847
2.03982
2.04117
2.04252
2.04387
2.04522
2.04656
2.0479
2.04924
2.05058
2.05192
2.05326
2.05459
2.05592
2.05726
2.05859
2.05991
2.06124
2.06256
2.06389
2.06521
2.06653
2.06784
2.06916
2.07047
2.07178
2.07309
2.0744
2.07571
2.07702
2.07832
2.07962
2.08092
2.08222
2.08351
2.08481
2.0861
2.08739
2.08868
2.08997
2.09125
2.09254
2.09382
2.0951
2.09638
2.09765
2.09893
2.1002
2.10147
2.10274
2.104
2.10527
2.10653
2.10779
2.10905
2.11031
2.11156
2.11282
2.11407
2.11532
2.11657
2.11781
2.11906
2.1203
2.12154
2.12278
2.12402
2.12525
2.12648
2.12772
2.12894
2.13017
2.1314
2.13262
2.13384
2.13506
2.13628
2.13749
2.13871
2.13992
2.14113
2.14234
2.14354
2.14475
2.14595
2.14715
2.14835
2.14955
2.15074
2.15193
2.15313
2.15431
2.1555
2.15669
2.15787
2.15905
2.16023
2.16141
2.16259
2.16376
2.16493
2.1661
2.16727
2.16844
2.1696
2.17076
2.17192
2.17308
2.17424
2.1754
2.17655
2.1777
2.17885
2.18
2.18114
2.18229
2.18343
2.18457
2.18571
2.18685
2.18798
2.18911
2.19025
2.19137
2.1925
2.19363
2.19475
2.19587
2.19699
2.19811
2.19923
2.20034
2.20146
2.20257
2.20368
2.20479
2.20589
2.207
2.2081
2.2092
2.2103
2.2114
2.21249
2.21359
2.21468
2.21577
2.21686
2.21794
2.21903
2.22011
2.22119
2.22227
2.22335
2.22443
2.2255
2.22658
2.22765
2.22872
2.22979
2.23085
2.23192
2.23298
2.23404
2.2351
2.23616
2.23722
2.23827
2.23932
2.24038
2.24143
2.24248
2.24352
2.24457
2.24561
2.24665
2.24769
2.24873
2.24977
2.25081
2.25184
2.25287
2.25391
2.25494
2.25596
2.25699
2.25802
2.25904
2.26006
2.26108
2.2621
2.26312
2.26413
2.26515
2.26616
2.26717
2.26819
2.26919
2.2702
2.27121
2.27221
2.27322
2.27422
2.27522
2.27622
2.27721
2.27821
2.2792
2.2802
2.28119
2.28218
2.28317
2.28416
2.28514
2.28613
2.28711
2.2881
2.28908
2.29006
2.29104
2.29201
2.29299
2.29396
2.29494
2.29591
2.29688
2.29785
2.29882
2.29979
2.30075
2.30172
2.30268
2.30364
2.3046
2.30556
2.30652
2.30748
2.30843
2.30939
2.31034
2.31129
2.31225
2.3132
2.31415
2.31509
2.31604
2.31699
2.31793
2.31887
2.31982
2.32076
2.3217
2.32263
2.32357
2.32451
2.32544
2.32638
2.32731
2.32824
2.32918
2.33011
2.33104
2.33196
2.33289
2.33382
2.33474
2.33567
2.33659
2.33751
2.33843
2.33935
2.34027
2.34119
2.34211
2.34302
2.34394
2.34485
2.34576
2.34668
2.34759
2.3485
2.34941
2.35032
2.35122
2.35213
2.35303
2.35394
2.35484
2.35575
2.35665
2.35755
2.35845
2.35935
2.36025
2.36115
2.36204
2.36294
2.36383
2.36473
2.36562
2.36651
2.36741
2.3683
2.36919
2.37008
2.37097
2.37185
2.37274
2.37363
2.37451
2.3754
2.37628
2.37716
2.37805
2.37893
2.37981
2.38069
2.38157
2.38245
2.38333
2.3842
2.38508
2.38596
2.38683
2.38771
2.38858
2.38945
2.39032
2.3912
2.39207
2.39294
2.39381
2.39468
2.39554
2.39641
2.39728
2.39815
2.39901
2.39988
2.40074
2.4016
2.40247
2.40333
2.40419
2.40505
2.40591
2.40677
2.40763
2.40849
2.40935
2.41021
2.41107
2.41192
2.41278
2.41363
2.41449
2.41534
2.4162
2.41705
2.4179
2.41875
2.41961
2.42046
2.42131
2.42216
2.42301
2.42386
2.42471
2.42555
2.4264
2.42725
2.42809
2.42894
2.42979
2.43063
2.43147
2.43232
2.43316
2.43401
2.43485
2.43569
2.43653
2.43737
2.43821
2.43905
2.43989
2.44073
2.44157
2.44241
2.44325
2.44409
2.44492
2.44576
2.4466
2.44743
2.44827
2.4491
2.44994
2.45077
2.45161
2.45244
2.45327
2.45411
2.45494
2.45577
2.4566
2.45743
2.45826
2.45909
2.45992
2.46075
2.46158
2.46241
2.46324
2.46407
2.4649
2.46572
2.46655
2.46738
2.46821
2.46903
2.46986
2.47068
2.47151
2.47233
2.47316
2.47398
2.47481
2.47563
2.47645
2.47728
2.4781
2.47892
2.47974
2.48057
2.48139
2.48221
2.48303
2.48385
2.48467
2.48549
2.48631
2.48713
2.48795
2.48877
2.48959
2.4904
2.49122
2.49204
2.49286
2.49368
2.49449
2.49531
2.49613
2.49694
2.49776
2.49858
2.49939
2.50021
2.50102
2.50184
2.50265
2.50347
2.50428
2.50509
2.50591
2.50672
2.50753
2.50835
2.50916
2.50997
2.51079
2.5116
2.51241
2.51322
2.51403
2.51484
2.51566
2.51647
2.51728
2.51809
2.5189
2.51971
2.52052
2.52133
2.52214
2.52295
2.52376
2.52457
2.52537
2.52618
2.52699
2.5278
2.52861
2.52942
2.53022
2.53103
2.53184
2.53265
2.53345
2.53426
2.53507
2.53587
2.53668
2.53749
2.53829
2.5391
2.53991
2.54071
2.54152
2.54232
2.54313
2.54393
2.54474
2.54554
2.54635
2.54715
2.54796
2.54876
2.54957
2.55037
2.55117
2.55198
2.55278
2.55358
2.55439
2.55519
2.55599
2.5568
2.5576
2.5584
2.55921
2.56001
2.56081
2.56161
2.56241
2.56322
2.56402
2.56482
2.56562
2.56642
2.56723
2.56803
2.56883
2.56963
2.57043
2.57123
2.57203
2.57283
2.57363
2.57443
2.57523
2.57604
2.57684
2.57764
2.57844
2.57924
2.58004
2.58084
2.58164
2.58243
2.58323
2.58403
2.58483
2.58563
2.58643
2.58723
2.58803
2.58883
2.58963
2.59043
2.59122
2.59202
2.59282
2.59362
2.59442
2.59522
2.59602
2.59681
2.59761
2.59841
2.59921
2.60001
2.6008
2.6016
2.6024
2.6032
2.60399
2.60479
2.60559
2.60639
2.60718
2.60798
2.60878
2.60957
2.61037
2.61117
2.61197
2.61276
2.61356
2.61436
2.61515
2.61595
2.61675
2.61754
2.61834
2.61913
2.61993
2.62073
2.62152
2.62232
2.62312
2.62391
2.62471
2.6255
2.6263
2.62709
2.62789
2.62869
2.62948
2.63028
2.63107
2.63187
2.63266
2.63346
2.63426
2.63505
2.63585
2.63664
2.63744
2.63823
2.63903
2.63982
2.64062
2.64141
2.64221
2.643
2.6438
2.64459
2.64539
2.64618
2.64697
2.64777
2.64856
2.64936
2.65015
2.65095
2.65174
2.65254
2.65333
2.65413
2.65492
2.65571
2.65651
2.6573
2.6581
2.65889
2.65968
2.66048
2.66127
2.66207
2.66286
2.66365
2.66445
2.66524
2.66604
2.66683
2.66762
2.66842
2.66921
2.67
2.6708
2.67159
2.67238
2.67318
2.67397
2.67477
2.67556
2.67635
2.67715
2.67794
2.67873
2.67953
2.68032
2.68111
2.6819
2.6827
2.68349
2.68428
2.68508
2.68587
2.68666
2.68746
2.68825
2.68904
2.68983
2.69063
2.69142
2.69221
2.69301
2.6938
2.69459
2.69538
2.69618
2.69697
2.69776
2.69855
2.69935
2.70014
2.70093
2.70172
2.70252
2.70331
2.7041
2.70489
2.70569
2.70648
2.70727
2.70806
2.70885
2.70965
2.71044
2.71123
2.71202
2.71282
2.71361
2.7144
2.71519
2.71598
2.71678
2.71757
2.71836
2.71915
2.71994
2.72073
2.72153
2.72232
2.72311
2.7239
2.72469
2.72548
2.72628
2.72707
2.72786
2.72865
2.72944
2.73023
2.73102
2.73182
2.73261
2.7334
2.73419
2.73498
2.73577
2.73656
2.73735
2.73815
2.73894
2.73973
2.74052
2.74131
2.7421
2.74289
2.74368
2.74447
2.74526
2.74605
2.74685
2.74764
2.74843
2.74922
2.75001
2.7508
2.75159
2.75238
2.75317
2.75396
2.75475
2.75554
2.75633
2.75712
2.75791
2.7587
2.75949
2.76028
2.76107
2.76186
2.76265
2.76344
2.76423
2.76502
2.76581
2.7666
2.76739
2.76818
2.76897
2.76976
2.77055
2.77134
2.77213
2.77292
2.77371
2.7745
2.77529
2.77608
2.77687
2.77765
2.77844
2.77923
2.78002
2.78081
2.7816
2.78239
2.78318
2.78397
2.78475
2.78554
2.78633
2.78712
2.78791
2.7887
2.78949
2.79027
2.79106
2.79185
2.79264
2.79343
2.79421
2.795
2.79579
2.79658
2.79737
2.79815
2.79894
2.79973
2.80051
2.8013
2.80209
2.80288
2.80366
2.80445
2.80524
2.80602
2.80681
2.8076
2.80838
2.80917
2.80996
2.81074
2.81153
2.81232
2.8131
2.81389
2.81467
2.81546
2.81625
2.81703
2.81782
2.8186
2.81939
2.82017
2.82096
2.82174
2.82253
2.82331
2.8241
2.82488
2.82567
2.82645
2.82723
2.82802
2.8288
2.82959
2.83037
2.83115
2.83194
2.83272
2.8335
2.83429
2.83507
2.83585
2.83663
2.83742
2.8382
2.83898
2.83976
2.84054
2.84133
2.84211
2.84289
2.84367
2.84445
2.84523
2.84601
2.84679
2.84757
2.84835
2.84913
2.84991
2.85069
2.85147
2.85225
2.85303
2.85381
2.85459
2.85536
2.85614
2.85692
2.8577
2.85847
2.85925
2.86003
2.8608
2.86158
2.86236
2.86313
2.86391
2.86468
2.86546
2.86623
2.86701
2.86778
2.86856
2.86933
2.8701
2.87088
2.87165
2.87242
2.87319
2.87397
2.87474
2.87551
2.87628
2.87705
2.87782
2.87859
2.87936
2.88013
2.8809
2.88166
2.88243
2.8832
2.88397
2.88473
2.8855
2.88627
2.88703
2.8878
2.88856
2.88933
2.89009
2.89085
2.89162
2.89238
2.89314
2.8939
2.89466
2.89542
2.89618
2.89694
2.8977
2.89846
2.89922
2.89997
2.90073
2.90149
2.90224
2.903
2.90375
2.90451
2.90526
2.90601
2.90676
2.90751
2.90826
2.90901
2.90976
2.91051
2.91126
2.91201
2.91275
2.9135
2.91424
2.91499
2.91573
2.91647
2.91722
2.91796
2.9187
2.91944
2.92018
2.92091
2.92165
2.92239
2.92312
2.92386
2.92459
2.92532
2.92605
2.92678
2.92751
2.92824
2.92897
2.9297
2.93042
2.93115
2.93187
2.93259
2.93331
2.93403
2.93475
2.93547
2.93619
2.9369
2.93762
2.93833
2.93904
2.93976
2.94046
2.94117
2.94188
2.94259
2.94329
2.94399
2.9447
2.9454
2.94609
2.94679
2.94749
2.94818
2.94888
2.94957
2.95026
2.95095
2.95163
2.95232
2.953
2.95369
2.95437
2.95505
2.95572
2.9564
2.95707
2.95774
2.95841
2.95908
2.95975
2.96041
2.96108
2.96174
2.9624
2.96306
2.96371
2.96436
2.96501
2.96566
2.96631
2.96696
2.9676
2.96824
2.96888
2.96951
2.97015
2.97078
2.97141
2.97204
2.97266
2.97329
2.97391
2.97452
2.97514
2.97575
2.97636
2.97697
2.97757
2.97818
2.97878
2.97937
2.97997
2.98056
2.98115
2.98173
2.98232
2.9829
2.98348
2.98405
2.98462
2.98519
2.98576
2.98632
2.98688
2.98743
2.98799
2.98854
2.98908
2.98963
2.99017
2.9907
2.99124
2.99177
2.99229
2.99282
2.99334
2.99385
2.99436
2.99487
2.99538
2.99588
2.99638
2.99687
2.99736
2.99784
2.99833
2.9988
2.99928
2.99975
3.00021
3.00067
3.00113
3.00158
3.00203
3.00248
3.00292
3.00335
3.00378
3.00421
3.00463
3.00505
3.00546
3.00587
3.00627
3.00667
3.00707
3.00746
3.00784
3.00822
3.00859
3.00896
3.00933
3.00969
3.01004
3.01039
3.01073
3.01107
3.0114
3.01173
3.01205
3.01237
3.01268
3.01298
3.01328
3.01358
3.01386
3.01415
3.01442
3.01469
3.01496
3.01522
3.01547
3.01571
3.01595
3.01619
3.01642
3.01664
3.01685
3.01706
3.01726
3.01746
3.01765
3.01783
3.018
3.01817
3.01833
3.01849
3.01864
3.01878
3.01891
3.01904
3.01916
3.01927
3.01938
3.01948
3.01957
3.01965
3.01973
3.0198
3.01986
3.01991
3.01996
3.01999
3.02002
3.02005
3.02006
3.02007
3.02007
3.02006
3.02004
3.02001
3.01998
3.01994
3.01989
3.01983
3.01976
3.01969
3.0196
3.01951
3.01941
3.0193
3.01918
3.01905
3.01891
3.01877
3.01861
3.01845
3.01827
3.01809
3.0179
3.0177
3.01749
3.01727
3.01704
3.01681
3.01656
3.0163
3.01603
3.01576
3.01547
3.01517
3.01487
3.01455
3.01423
3.01389
3.01354
3.01319
3.01282
3.01244
3.01206
3.01166
3.01125
3.01083
3.01041
3.00997
3.00952
3.00906
3.00859
3.0081
3.00761
3.00711
3.00659
3.00607
3.00553
3.00498
3.00443
3.00386
3.00327
3.00268
3.00208
3.00146
3.00084
3.0002
2.99955
2.99889
2.99822
2.99753
2.99684
2.99613
2.99541
2.99468
2.99394
2.99319
2.99242
2.99164
2.99085
2.99005
2.98923
2.98841
2.98757
2.98672
2.98585
2.98498
2.98409
2.98319
2.98227
2.98135
2.98041
2.97946
2.9785
2.97752
2.97653
2.97553
2.97452
2.97349
2.97245
2.9714
2.97034
2.96926
2.96817
2.96706
2.96595
2.96482
2.96368
2.96252
2.96135
2.96017
2.95897
2.95777
2.95654
2.95531
2.95406
2.9528
2.95152
2.95024
2.94894
2.94762
2.94629
2.94495
2.9436
2.94223
2.94085
2.93945
2.93804
2.93662
2.93518
2.93373
2.93227
2.93079
2.9293
2.9278
2.92628
2.92475
2.92321
2.92165
2.92007
2.91849
2.91689
2.91528
2.91365
2.91201
2.91035
2.90868
2.907
2.90531
2.9036
2.90187
2.90014
2.89839
2.89662
2.89484
2.89305
2.89124
2.88942
2.88759
2.88574
2.88388
2.88201
2.88012
2.87822
2.8763
2.87437
2.87243
2.87047
2.8685
2.86651
2.86452
2.8625
2.86048
2.85844
2.85639
2.85432
2.85224
2.85014
2.84804
2.84592
2.84378
2.84163
2.83947
2.8373
2.83511
2.83291
2.83069
2.82846
2.82622
2.82397
2.8217
2.81942
2.81712
2.81481
2.81249
2.81016
2.80781
2.80545
2.80307
2.80069
2.79829
2.79587
2.79345
2.79101
2.78855
2.78609
2.78361
2.78112
2.77862
2.7761
2.77357
2.77103
2.76848
2.76591
2.76333
2.76074
2.75814
2.75552
2.75289
2.75025
2.7476
2.74493
2.74226
2.73957
2.73687
2.73415
2.73143
2.72869
2.72594
2.72318
2.72041
2.71762
2.71483
2.71202
2.7092
2.70637
2.70353
2.70067
2.69781
2.69493
2.69204
2.68915
2.68624
2.68332
2.68038
2.67744
2.67449
2.67153
2.66855
2.66557
2.66257
2.65956
2.65655
2.65352
2.65048
2.64743
2.64438
2.64131
2.63823
2.63514
2.63204
2.62894
2.62582
2.62269
2.61955
2.61641
2.61325
2.61009
2.60691
2.60373
2.60053
2.59733
2.59412
2.5909
2.58767
2.58443
2.58118
2.57793
2.57466
2.57139
2.56811
2.56482
2.56152
2.55822
2.5549
2.55158
2.54825
2.54491
2.54157
2.53821
2.53485
2.53148
2.52811
2.52472
2.52133
2.51793
2.51453
2.51111
2.50769
2.50427
2.50083
2.49739
2.49395
2.49049
2.48703
2.48357
2.48009
2.47661
2.47313
2.46964
2.46614
2.46264
2.45913
2.45561
2.45209
2.44856
2.44503
2.4415
2.43795
2.43441
2.43085
2.4273
2.42373
2.42016
2.41659
2.41301
2.40943
2.40585
2.40226
2.39866
2.39506
2.39146
2.38785
2.38424
2.38062
2.377
2.37338
2.36975
2.36612
2.36249
2.35885
2.35521
2.35156
2.34792
2.34427
2.34061
2.33696
2.3333
2.32963
2.32597
2.3223
2.31863
2.31496
2.31129
2.30761
2.30393
2.30025
2.29657
2.29288
2.2892
2.28551
2.28182
2.27813
2.27444
2.27074
2.26705
2.26335
2.25965
2.25595
2.25226
2.24855
2.24485
2.24115
2.23745
2.23375
2.23004
2.22634
2.22263
2.21893
2.21523
2.21152
2.20782
2.20411
2.20041
2.1967
2.193
2.1893
2.18559
2.18189
2.17819
2.17449
2.17079
2.16709
2.16339
2.1597
2.156
2.15231
2.14861
2.14492
2.14123
2.13754
2.13385
2.13017
2.12648
2.1228
2.11912
2.11544
2.11177
2.10809
2.10442
2.10075
2.09708
2.09342
2.08975
2.08609
2.08244
2.07878
2.07513
2.07148
2.06783
2.06419
2.06055
2.05691
2.05327
2.04964
2.04601
2.04239
2.03877
2.03515
2.03153
2.02792
2.02432
2.02071
2.01711
2.01352
2.00992
2.00633
2.00275
1.99917
1.99559
1.99202
1.98845
1.98489
1.98133
1.97777
1.97422
1.97068
1.96714
1.9636
1.96007
1.95654
1.95302
1.9495
1.94599
1.94248
1.93898
1.93548
1.93199
1.9285
1.92502
1.92154
1.91807
1.9146
1.91114
1.90768
1.90423
1.90079
1.89735
1.89391
1.89049
1.88706
1.88365
1.88024
1.87683
1.87343
1.87004
1.86665
1.86327
1.8599
1.85653
1.85317
1.84981
1.84646
1.84311
1.83978
1.83645
1.83312
1.8298
1.82649
1.82318
1.81988
1.81659
1.81331
1.81003
1.80675
1.80349
1.80023
1.79697
1.79373
1.79049
1.78726
1.78403
1.78081
1.7776
1.7744
1.7712
1.76801
1.76482
1.76165
1.75848
1.75531
1.75216
1.74901
1.74587
1.74274
1.73961
1.73649
1.73338
1.73027
1.72718
1.72409
1.721
1.71793
1.71486
1.7118
1.70875
1.7057
1.70266
1.69963
1.69661
1.6936
1.69059
1.68759
1.6846
1.68161
1.67863
1.67566
1.6727
1.66975
1.6668
1.66386
1.66093
1.65801
1.65509
1.65219
1.64929
1.64639
1.64351
1.64063
1.63776
1.6349
1.63205
1.6292
1.62637
1.62354
1.62072
1.6179
1.6151
1.6123
1.60951
1.60673
1.60395
1.60119
1.59843
1.59568
1.59294
1.5902
1.58747
1.58476
1.58205
1.57934
1.57665
1.57396
1.57128
1.56861
1.56595
1.56329
1.56065
1.55801
1.55538
1.55276
1.55014
1.54753
1.54494
1.54234
1.53976
1.53719
1.53462
1.53206
1.52951
1.52697
1.52443
1.52191
1.51939
1.51688
1.51437
1.51188
1.50939
1.50691
1.50444
1.50198
1.49952
1.49708
1.49464
1.4922
1.48978
1.48737
1.48496
1.48256
1.48017
1.47778
1.47541
1.47304
1.47068
1.46832
1.46598
1.46364
1.46131
1.45899
1.45668
1.45437
1.45208
1.44979
1.4475
1.44523
1.44296
1.4407
1.43845
1.43621
1.43397
1.43175
1.42952
1.42731
1.42511
1.42291
1.42072
1.41854
1.41636
1.4142
1.41204
1.40989
1.40774
1.40561
1.40348
1.40136
1.39924
1.39714
1.39504
1.39295
1.39086
1.38879
1.38672
1.38466
1.3826
1.38056
1.37852
1.37648
1.37446
1.37244
1.37043
1.36843
1.36644
1.36445
1.36247
1.3605
1.35853
1.35657
1.35462
1.35267
1.35074
1.34881
1.34688
1.34497
1.34306
1.34116
1.33927
1.33738
1.3355
1.33362
1.33176
1.3299
1.32805
1.3262
1.32436
1.32253
1.32071
1.31889
1.31708
1.31528
1.31348
1.31169
1.30991
1.30813
1.30636
1.3046
1.30284
1.3011
1.29935
1.29762
1.29589
1.29417
1.29245
1.29074
1.28904
1.28734
1.28566
1.28397
1.2823
1.28063
1.27896
1.27731
1.27566
1.27401
1.27238
1.27075
1.26912
1.2675
1.26589
1.26429
1.26269
1.2611
1.25951
1.25793
1.25636
1.25479
1.25323
1.25168
1.25013
1.24858
1.24705
1.24552
1.24399
1.24248
1.24096
1.23946
1.23796
1.23647
1.23498
1.2335
1.23202
1.23055
1.22909
1.22763
1.22618
1.22473
1.22329
1.22186
1.22043
1.21901
1.21759
1.21618
1.21477
1.21337
1.21198
1.21059
1.20921
1.20783
1.20646
1.2051
1.20374
1.20238
1.20104
1.19969
1.19836
1.19702
1.1957
1.19438
1.19306
1.19175
1.19045
1.18915
1.18786
1.18657
1.18528
1.18401
1.18274
1.18147
1.18021
1.17895
1.1777
1.17646
1.17522
1.17398
1.17275
1.17153
1.17031
1.16909
1.16788
1.16668
1.16548
1.16429
1.1631
1.16192
1.16074
1.15956
1.15839
1.15723
1.15607
1.15492
1.15377
1.15263
1.15149
1.15035
1.14923
1.1481
1.14698
1.14587
1.14476
1.14365
1.14255
1.14146
1.14037
1.13928
1.1382
1.13713
1.13605
1.13499
1.13393
1.13287
1.13181
1.13077
1.12972
1.12868
1.12765
1.12662
1.12559
1.12457
1.12356
1.12254
1.12154
1.12053
1.11954
1.11854
1.11755
1.11657
1.11559
1.11461
1.11364
1.11267
1.11171
1.11075
1.10979
1.10884
1.10789
1.10695
1.10601
1.10508
1.10415
1.10323
1.10231
1.10139
1.10048
1.09957
1.09866
1.09776
1.09687
1.09598
1.09509
1.0942
1.09332
1.09245
1.09158
1.09071
1.08984
1.08898
1.08813
1.08728
1.08643
1.08559
1.08475
1.08391
1.08308
1.08225
1.08142
1.0806
1.07979
1.07897
1.07816
1.07736
1.07656
1.07576
1.07497
1.07417
1.07339
1.07261
1.07183
1.07105
1.07028
1.06951
1.06875
1.06799
1.06723
1.06648
1.06573
1.06498
1.06424
1.0635
1.06276
1.06203
1.0613
1.06058
1.05986
1.05914
1.05842
1.05771
1.05701
1.0563
1.0556
1.0549
1.05421
1.05352
1.05283
1.05215
1.05147
1.05079
1.05012
1.04945
1.04878
1.04812
1.04746
1.0468
1.04615
1.0455
1.04485
1.04421
1.04357
1.04293
1.0423
1.04167
1.04104
1.04042
1.0398
1.03918
1.03856
1.03795
1.03734
1.03674
1.03614
1.03554
1.03494
1.03435
1.03376
1.03317
1.03259
1.03201
1.03143
1.03086
1.03029
1.02972
1.02916
1.02859
1.02803
1.02748
1.02693
1.02637
1.02583
1.02528
1.02474
1.0242
1.02367
1.02314
1.02261
1.02208
1.02156
1.02103
1.02052
1.02
1.01949
1.01898
1.01847
1.01797
1.01747
1.01697
1.01647
1.01598
1.01549
1.015
1.01452
1.01404
1.01356
1.01308
1.01261
1.01214
1.01167
1.0112
1.01074
1.01028
1.00983
1.00937
1.00892
1.00847
1.00802
1.00758
1.00714
1.0067
1.00626
1.00583
1.0054
1.00497
1.00454
1.00412
1.0037
1.00328
1.00287
1.00245
1.00204
1.00164
1.00123
1.00083
1.00043
1.00003
0.999634
0.999241
0.998851
0.998463
0.998078
0.997695
0.997314
0.996936
0.99656
0.996187
0.995816
0.995448
0.995082
0.994718
0.994357
0.993998
0.993642
0.993288
0.992936
0.992587
0.99224
0.991895
0.991553
0.991213
0.990875
0.99054
0.990207
0.989876
0.989548
0.989222
0.988898
0.988576
0.988257
0.98794
0.987625
0.987312
0.987002
0.986694
0.986388
0.986085
0.985783
0.985484
0.985187
0.984892
0.9846
0.984309
0.984021
0.983735
0.983451
0.98317
0.98289
0.982613
0.982337
0.982064
0.981793
0.981525
0.981258
0.980993
0.980731
0.98047
0.980212
0.979956
0.979702
0.97945
0.9792
0.978952
0.978706
0.978462
0.978221
0.977981
0.977743
0.977508
0.977274
0.977043
0.976813
0.976586
0.97636
0.976137
0.975915
0.975696
0.975478
0.975263
0.975049
0.974837
0.974628
0.97442
0.974214
0.974011
0.973809
0.973609
0.973411
0.973215
0.973021
0.972829
0.972638
0.97245
0.972264
0.972079
0.971896
0.971716
0.971537
0.97136
0.971185
0.971011
0.97084
0.97067
0.970503
0.970337
0.970173
0.970011
0.96985
0.969692
0.969535
0.96938
0.969227
0.969076
0.968927
0.968779
0.968633
0.968489
0.968347
0.968207
0.968068
0.967931
0.967796
0.967663
0.967531
0.967401
0.967273
0.967147
0.967022
0.966899
0.966778
0.966659
0.966541
0.966425
0.966311
0.966198
0.966087
0.965978
0.965871
0.965765
0.965661
0.965559
0.965458
0.965359
0.965262
0.965166
0.965072
0.96498
0.964889
0.9648
0.964713
0.964627
0.964543
0.964461
0.96438
0.964301
0.964223
0.964147
0.964073
0.964
0.963929
0.963859
0.963792
0.963725
0.963661
0.963597
0.963536
0.963476
0.963418
0.963361
0.963306
0.963252
0.9632
0.963149
0.9631
0.963053
0.963007
0.962963
0.96292
0.962879
0.962839
0.962801
0.962764
0.962729
0.962695
0.962663
0.962633
0.962604
0.962576
0.96255
0.962525
0.962502
0.962481
0.962461
0.962442
0.962425
0.962409
0.962395
0.962382
0.962371
0.962361
0.962353
0.962346
0.962341
0.962337
0.962334
0.962333
0.962333
0.962335
0.962338
0.962343
0.962349
0.962357
0.962365
0.962376
0.962388
0.962401
0.962415
0.962431
0.962449
0.962467
0.962488
0.962509
0.962532
0.962556
0.962582
0.962609
0.962638
0.962668
0.962699
0.962731
0.962765
0.962801
0.962837
0.962875
0.962915
0.962955
0.962997
0.963041
0.963086
0.963132
0.963179
0.963228
0.963278
0.963329
0.963382
0.963436
0.963491
0.963548
0.963606
0.963665
0.963726
0.963788
0.963851
0.963916
0.963982
0.964049
0.964117
0.964187
0.964258
0.96433
0.964403
0.964478
0.964554
0.964632
0.96471
0.96479
0.964871
0.964954
0.965037
0.965122
0.965208
0.965296
0.965384
0.965474
0.965565
0.965658
0.965751
0.965846
0.965942
0.96604
0.966138
0.966238
0.966339
0.966441
0.966545
0.966649
0.966755
0.966862
0.966971
0.96708
0.967191
0.967303
0.967416
0.96753
0.967645
0.967762
0.96788
0.967999
0.968119
0.968241
0.968363
0.968487
0.968612
0.968738
0.968865
0.968994
0.969123
0.969254
0.969386
0.969519
0.969653
0.969789
0.969925
0.970063
0.970202
0.970342
0.970483
0.970625
0.970769
0.970913
0.971059
0.971206
0.971354
0.971503
0.971653
0.971804
0.971957
0.97211
0.972265
0.972421
0.972578
0.972736
0.972895
0.973055
0.973217
0.973379
0.973543
0.973708
0.973873
0.97404
0.974208
0.974377
0.974548
0.974719
0.974891
0.975065
0.975239
0.975415
0.975591
0.975769
0.975948
0.976128
0.976309
0.976491
0.976674
0.976858
0.977044
0.97723
0.977417
0.977606
0.977795
0.977986
0.978177
0.97837
0.978564
0.978759
0.978954
0.979151
0.979349
0.979548
0.979748
0.979949
0.980151
0.980354
0.980559
0.980764
0.98097
0.981177
0.981386
0.981595
0.981805
0.982017
0.982229
0.982442
0.982657
0.982872
0.983089
0.983306
0.983525
0.983744
0.983965
0.984186
0.984409
0.984632
0.984857
0.985082
0.985309
0.985536
0.985765
0.985994
0.986225
0.986456
0.986689
0.986922
0.987157
0.987392
0.987629
0.987866
0.988105
0.988344
0.988585
0.988826
0.989069
0.989312
0.989556
0.989802
0.990048
0.990295
0.990543
0.990793
0.991043
0.991294
0.991546
0.991799
0.992053
0.992308
0.992564
0.992821
0.993079
0.993338
0.993598
0.993858
0.99412
0.994383
0.994646
0.994911
0.995176
0.995443
0.99571
0.995979
0.996248
0.996518
0.99679
0.997062
0.997335
0.997609
0.997884
0.99816
0.998437
0.998714
0.998993
0.999273
0.999553
0.999835
1.00012
1.0004
1.00069
1.00097
1.00126
1.00154
1.00183
1.00212
1.00241
1.0027
1.00299
1.00329
1.00358
1.00387
1.00417
1.00447
1.00476
1.00506
1.00536
1.00566
1.00596
1.00626
1.00657
1.00687
1.00717
1.00748
1.00779
1.00809
1.0084
1.00871
1.00902
1.00933
1.00964
1.00996
1.01027
1.01058
1.0109
1.01122
1.01153
1.01185
1.01217
1.01249
1.01281
1.01313
1.01345
1.01378
1.0141
1.01443
1.01475
1.01508
1.01541
1.01574
1.01607
1.0164
1.01673
1.01706
1.0174
1.01773
1.01806
1.0184
1.01874
1.01907
1.01941
1.01975
1.02009
1.02043
1.02078
1.02112
1.02146
1.02181
1.02215
1.0225
1.02285
1.0232
1.02355
1.0239
1.02425
1.0246
1.02495
1.0253
1.02566
1.02601
1.02637
1.02673
1.02708
1.02744
1.0278
1.02816
1.02853
1.02889
1.02925
1.02961
1.02998
1.03034
1.03071
1.03108
1.03145
1.03182
1.03219
1.03256
1.03293
1.0333
1.03368
1.03405
1.03442
1.0348
1.03518
1.03556
1.03593
1.03631
1.03669
1.03708
1.03746
1.03784
1.03822
1.03861
1.03899
1.03938
1.03977
1.04016
1.04055
1.04094
1.04133
1.04172
1.04211
1.0425
1.0429
1.04329
1.04369
1.04409
1.04448
1.04488
1.04528
1.04568
1.04608
1.04648
1.04689
1.04729
1.04769
1.0481
1.0485
1.04891
1.04932
1.04973
1.05014
1.05055
1.05096
1.05137
1.05178
1.0522
1.05261
1.05303
1.05344
1.05386
1.05428
1.0547
1.05512
1.05554
1.05596
1.05638
1.0568
1.05723
1.05765
1.05808
1.0585
1.05893
1.05936
1.05979
1.06022
1.06065
1.06108
1.06151
1.06195
1.06238
1.06281
1.06325
1.06369
1.06412
1.06456
1.065
1.06544
1.06588
1.06632
1.06677
1.06721
1.06765
1.0681
1.06854
1.06899
1.06944
1.06989
1.07033
1.07078
1.07123
1.07169
1.07214
1.07259
1.07305
1.0735
1.07396
1.07441
1.07487
1.07533
1.07579
1.07625
1.07671
1.07717
1.07763
1.0781
1.07856
1.07902
1.07949
1.07996
1.08042
1.08089
1.08136
1.08183
1.0823
1.08277
1.08325
1.08372
1.08419
1.08467
1.08514
1.08562
1.0861
1.08657
1.08705
1.08753
1.08801
1.08849
1.08898
1.08946
1.08994
1.09043
1.09091
1.0914
1.09189
1.09237
1.09286
1.09335
1.09384
1.09433
1.09483
1.09532
1.09581
1.09631
1.0968
1.0973
1.0978
1.09829
1.09879
1.09929
1.09979
1.10029
1.10079
1.1013
1.1018
1.1023
1.10281
1.10331
1.10382
1.10433
1.10484
1.10535
1.10586
1.10637
1.10688
1.10739
1.1079
1.10842
1.10893
1.10945
1.10996
1.11048
1.111
1.11152
1.11204
1.11256
1.11308
1.1136
1.11412
1.11464
1.11517
1.11569
1.11622
1.11675
1.11727
1.1178
1.11833
1.11886
1.11939
1.11992
1.12045
1.12099
1.12152
1.12205
1.12259
1.12312
1.12366
1.1242
1.12474
1.12528
1.12582
1.12636
1.1269
1.12744
1.12798
1.12853
1.12907
1.12962
1.13016
1.13071
1.13126
1.1318
1.13235
1.1329
1.13345
1.134
1.13456
1.13511
1.13566
1.13622
1.13677
1.13733
1.13788
1.13844
1.139
1.13956
1.14012
1.14068
1.14124
1.1418
1.14236
1.14293
1.14349
1.14406
1.14462
1.14519
1.14576
1.14632
1.14689
1.14746
1.14803
1.1486
1.14917
1.14975
1.15032
1.15089
1.15147
1.15204
1.15262
1.15319
1.15377
1.15435
1.15493
1.15551
1.15609
1.15667
1.15725
1.15783
1.15841
1.159
1.15958
1.16017
1.16075
1.16134
1.16193
1.16251
1.1631
1.16369
1.16428
1.16487
1.16546
1.16606
1.16665
1.16724
1.16784
1.16843
1.16903
1.16962
1.17022
1.17082
1.17141
1.17201
1.17261
1.17321
1.17381
1.17441
1.17502
1.17562
1.17622
1.17683
1.17743
1.17804
1.17864
1.17925
1.17986
1.18047
1.18107
1.18168
1.18229
1.1829
1.18352
1.18413
1.18474
1.18535
1.18597
1.18658
1.1872
1.18781
1.18843
1.18905
1.18966
1.19028
1.1909
1.19152
1.19214
1.19276
1.19338
1.194
1.19463
1.19525
1.19587
1.1965
1.19712
1.19775
1.19837
1.199
1.19963
1.20025
1.20088
1.20151
1.20214
1.20277
1.2034
1.20403
1.20467
1.2053
1.20593
1.20656
1.2072
1.20783
1.20847
1.2091
1.20974
1.21038
1.21102
1.21165
1.21229
1.21293
1.21357
1.21421
1.21485
1.21549
1.21614
1.21678
1.21742
1.21806
1.21871
1.21935
1.22
1.22064
1.22129
1.22194
1.22258
1.22323
1.22388
1.22453
1.22518
1.22583
1.22648
1.22713
1.22778
1.22843
1.22908
1.22973
1.23039
1.23104
1.23169
1.23235
1.233
1.23366
1.23431
1.23497
1.23563
1.23629
1.23694
1.2376
1.23826
1.23892
1.23958
1.24024
1.2409
1.24156
1.24222
1.24288
1.24354
1.24421
1.24487
1.24553
1.2462
1.24686
1.24753
1.24819
1.24886
1.24952
1.25019
1.25086
1.25152
1.25219
1.25286
1.25353
1.2542
1.25487
1.25554
1.25621
1.25688
1.25755
1.25822
1.25889
1.25956
1.26023
1.26091
1.26158
1.26225
1.26293
1.2636
1.26427
1.26495
1.26562
1.2663
1.26698
1.26765
1.26833
1.26901
1.26968
1.27036
1.27104
1.27172
1.27239
1.27307
1.27375
1.27443
1.27511
1.27579
1.27647
1.27715
1.27783
1.27851
1.2792
1.27988
1.28056
1.28124
1.28193
1.28261
1.28329
1.28398
1.28466
1.28534
1.28603
1.28671
1.2874
1.28808
1.28877
1.28945
1.29014
1.29083
1.29151
1.2922
1.29289
1.29357
1.29426
1.29495
1.29564
1.29633
1.29701
1.2977
1.29839
1.29908
1.29977
1.30046
1.30115
1.30184
1.30253
1.30322
1.30391
1.3046
1.30529
1.30598
1.30668
1.30737
1.30806
1.30875
1.30944
1.31013
1.31083
1.31152
1.31221
1.31291
1.3136
1.31429
1.31499
1.31568
1.31637
1.31707
1.31776
1.31846
1.31915
1.31985
1.32054
1.32123
1.32193
1.32263
1.32332
1.32402
1.32471
1.32541
1.3261
1.3268
1.32749
1.32819
1.32889
1.32958
1.33028
1.33098
1.33167
1.33237
1.33307
1.33376
1.33446
1.33516
1.33586
1.33655
1.33725
1.33795
1.33865
1.33934
1.34004
1.34074
1.34144
1.34214
1.34283
1.34353
1.34423
1.34493
1.34563
1.34632
1.34702
1.34772
1.34842
1.34912
1.34982
1.35052
1.35121
1.35191
1.35261
1.35331
1.35401
1.35471
1.35541
1.35611
1.35681
1.3575
1.3582
1.3589
1.3596
1.3603
1.361
1.3617
1.3624
1.3631
1.3638
1.36449
1.36519
1.36589
1.36659
1.36729
1.36799
1.36869
1.36939
1.37009
1.37078
1.37148
1.37218
1.37288
1.37358
1.37428
1.37498
1.37568
1.37638
1.37707
1.37777
1.37847
1.37917
1.37987
1.38057
1.38126
1.38196
1.38266
1.38336
1.38406
1.38476
1.38545
1.38615
1.38685
1.38755
1.38824
1.38894
1.38964
1.39034
1.39103
1.39173
1.39243
1.39313
1.39382
1.39452
1.39522
1.39591
1.39661
1.39731
1.398
1.3987
1.3994
1.40009
1.40079
1.40149
1.40218
1.40288
1.40357
1.40427
1.40496
1.40566
1.40635
1.40705
1.40775
1.40844
1.40913
1.40983
1.41052
1.41122
1.41191
1.41261
1.4133
1.41399
1.41469
1.41538
1.41608
1.41677
1.41746
1.41816
1.41885
1.41954
1.42023
1.42093
1.42162
1.42231
1.423
1.4237
1.42439
1.42508
1.42577
1.42646
1.42715
1.42784
1.42853
1.42923
1.42992
1.43061
1.4313
1.43199
1.43268
1.43337
1.43406
1.43474
1.43543
1.43612
1.43681
1.4375
1.43819
1.43888
1.43956
1.44025
1.44094
1.44163
1.44232
1.443
1.44369
1.44438
1.44506
1.44575
1.44644
1.44712
1.44781
1.44849
1.44918
1.44986
1.45055
1.45123
1.45192
1.4526
1.45329
1.45397
1.45465
1.45534
1.45602
1.45671
1.45739
1.45807
1.45875
1.45944
1.46012
1.4608
1.46148
1.46216
1.46284
1.46353
1.46421
1.46489
1.46557
1.46625
1.46693
1.46761
1.46829
1.46897
1.46965
1.47032
1.471
1.47168
1.47236
1.47304
1.47372
1.47439
1.47507
1.47575
1.47643
1.4771
1.47778
1.47845
1.47913
1.47981
1.48048
1.48116
1.48183
1.48251
1.48318
1.48386
1.48453
1.4852
1.48588
1.48655
1.48722
1.4879
1.48857
1.48924
1.48991
1.49059
1.49126
1.49193
1.4926
1.49327
1.49394
1.49461
1.49528
1.49595
1.49662
1.49729
1.49796
1.49863
1.4993
1.49997
1.50064
1.5013
1.50197
1.50264
1.50331
1.50397
1.50464
1.50531
1.50597
1.50664
1.5073
1.50797
1.50864
1.5093
1.50997
1.51063
1.51129
1.51196
1.51262
1.51329
1.51395
1.51461
1.51527
1.51594
1.5166
1.51726
1.51792
1.51858
1.51925
1.51991
1.52057
1.52123
1.52189
1.52255
1.52321
1.52387
1.52453
1.52519
1.52584
1.5265
1.52716
1.52782
1.52848
1.52913
1.52979
1.53045
1.5311
1.53176
1.53242
1.53307
1.53373
1.53438
1.53504
1.53569
1.53635
1.537
1.53766
1.53831
1.53896
1.53962
1.54027
1.54092
1.54158
1.54223
1.54288
1.54353
1.54418
1.54483
1.54549
1.54614
1.54679
1.54744
1.54809
1.54874
1.54939
1.55003
1.55068
1.55133
1.55198
1.55263
1.55328
1.55392
1.55457
1.55522
1.55587
1.55651
1.55716
1.55781
1.55845
1.5591
1.55974
1.56039
1.56103
1.56168
1.56232
1.56296
1.56361
1.56425
1.5649
1.56554
1.56618
1.56682
1.56747
1.56811
1.56875
1.56939
1.57003
1.57067
1.57131
1.57196
1.5726
1.57324
1.57388
1.57451
1.57515
1.57579
1.57643
1.57707
1.57771
1.57835
1.57898
1.57962
1.58026
1.5809
1.58153
1.58217
1.58281
1.58344
1.58408
1.58471
1.58535
1.58598
1.58662
1.58725
1.58789
1.58852
1.58916
1.58979
1.59042
1.59106
1.59169
1.59232
1.59295
1.59359
1.59422
1.59485
1.59548
1.59611
1.59674
1.59737
1.598
1.59864
1.59927
1.59989
1.60052
1.60115
1.60178
1.60241
1.60304
1.60367
1.6043
1.60492
1.60555
1.60618
1.60681
1.60743
1.60806
1.60869
1.60931
1.60994
1.61057
1.61119
1.61182
1.61244
1.61307
1.61369
1.61432
1.61494
1.61556
1.61619
1.61681
1.61743
1.61806
1.61868
1.6193
1.61993
1.62055
1.62117
1.62179
1.62241
1.62303
1.62365
1.62428
1.6249
1.62552
1.62614
1.62676
1.62738
1.628
1.62862
1.62923
1.62985
1.63047
1.63109
1.63171
1.63233
1.63294
1.63356
1.63418
1.6348
1.63541
1.63603
1.63665
1.63726
1.63788
1.63849
1.63911
1.63973
1.64034
1.64096
1.64157
1.64219
1.6428
1.64341
1.64403
1.64464
1.64526
1.64587
1.64648
1.64709
1.64771
1.64832
1.64893
1.64954
1.65016
1.65077
1.65138
1.65199
1.6526
1.65321
1.65382
1.65443
1.65504
1.65565
1.65626
1.65687
1.65748
1.65809
1.6587
1.65931
1.65992
1.66053
1.66114
1.66174
1.66235
1.66296
1.66357
1.66418
1.66478
1.66539
1.666
1.6666
1.66721
1.66782
1.66842
1.66903
1.66963
1.67024
1.67084
1.67145
1.67205
1.67266
1.67326
1.67387
1.67447
1.67508
1.67568
1.67628
1.67689
1.67749
1.67809
1.6787
1.6793
1.6799
1.6805
1.68111
1.68171
1.68231
1.68291
1.68351
1.68411
1.68471
1.68532
1.68592
1.68652
1.68712
1.68772
1.68832
1.68892
1.68952
1.69012
1.69072
1.69131
1.69191
1.69251
1.69311
1.69371
1.69431
1.69491
1.6955
1.6961
1.6967
1.6973
1.69789
1.69849
1.69909
1.69968
1.70028
1.70088
1.70147
1.70207
1.70267
1.70326
1.70386
1.70445
1.70505
1.70564
1.70624
1.70683
1.70743
1.70802
1.70861
1.70921
1.7098
1.7104
1.71099
1.71158
1.71218
1.71277
1.71336
1.71396
1.71455
1.71514
1.71573
1.71633
1.71692
1.71751
1.7181
1.71869
1.71928
1.71987
1.72047
1.72106
1.72165
1.72224
1.72283
1.72342
1.72401
1.7246
1.72519
1.72578
1.72637
1.72696
1.72755
1.72813
1.72872
1.72931
1.7299
1.73049
1.73108
1.73167
1.73225
1.73284
1.73343
1.73402
1.7346
1.73519
1.73578
1.73636
1.73695
1.73754
1.73812
1.73871
1.7393
1.73988
1.74047
1.74105
1.74164
1.74222
1.74281
1.74339
1.74398
1.74456
1.74515
1.74573
1.74632
1.7469
1.74749
1.74807
1.74865
1.74924
1.74982
1.7504
1.75099
1.75157
1.75215
1.75274
1.75332
1.7539
1.75448
1.75506
1.75565
1.75623
1.75681
1.75739
1.75797
1.75855
1.75913
1.75972
1.7603
1.76088
1.76146
1.76204
1.76262
1.7632
1.76378
1.76436
1.76494
1.76552
1.76609
1.76667
1.76725
1.76783
1.76841
1.76899
1.76957
1.77015
1.77072
1.7713
1.77188
1.77246
1.77303
1.77361
1.77419
1.77477
1.77534
1.77592
1.77649
1.77707
1.77765
1.77822
1.7788
1.77938
1.77995
1.78053
1.7811
1.78168
1.78225
1.78283
1.7834
1.78398
1.78455
1.78512
1.7857
1.78627
1.78685
1.78742
1.78799
1.78857
1.78914
1.78971
1.79028
1.79086
1.79143
1.792
1.79257
1.79315
1.79372
1.79429
1.79486
1.79543
1.796
1.79657
1.79714
1.79771
1.79829
1.79886
1.79943
1.8
1.80057
1.80114
1.8017
1.80227
1.80284
1.80341
1.80398
1.80455
1.80512
1.80569
1.80625
1.80682
1.80739
1.80796
1.80852
1.80909
1.80966
1.81022
1.81079
1.81136
1.81192
1.81249
1.81306
1.81362
1.81419
1.81475
1.81532
1.81588
1.81645
1.81701
1.81758
1.81814
1.8187
1.81927
1.81983
1.82039
1.82096
1.82152
1.82208
1.82264
1.82321
1.82377
1.82433
1.82489
1.82545
1.82602
1.82658
1.82714
1.8277
1.82826
1.82882
1.82938
1.82994
1.8305
1.83106
1.83162
1.83217
1.83273
1.83329
1.83385
1.83441
1.83497
1.83552
1.83608
1.83664
1.83719
1.83775
1.83831
1.83886
1.83942
1.83997
1.84053
1.84108
1.84164
1.84219
1.84275
1.8433
1.84386
1.84441
1.84496
1.84552
1.84607
1.84662
1.84717
1.84772
1.84828
1.84883
1.84938
1.84993
1.85048
1.85103
1.85158
1.85213
1.85268
1.85323
1.85378
1.85432
1.85487
1.85542
1.85597
1.85652
1.85706
1.85761
1.85816
1.8587
1.85925
1.85979
1.86034
1.86088
1.86143
1.86197
1.86252
1.86306
1.8636
1.86414
1.86469
1.86523
1.86577
1.86631
1.86685
1.86739
1.86793
1.86847
1.86901
1.86955
1.87009
1.87063
1.87117
1.87171
1.87224
1.87278
1.87332
1.87385
1.87439
1.87492
1.87546
1.87599
1.87653
1.87706
1.8776
1.87813
1.87866
1.87919
1.87973
1.88026
1.88079
1.88132
1.88185
1.88238
1.88291
1.88344
1.88396
1.88449
1.88502
1.88555
1.88607
1.8866
1.88713
1.88765
1.88817
1.8887
1.88922
1.88975
1.89027
1.89079
1.89131
1.89183
1.89235
1.89287
1.89339
1.89391
1.89443
1.89495
1.89547
1.89598
1.8965
1.89702
1.89753
1.89805
1.89856
1.89908
1.89959
1.9001
1.90061
1.90113
1.90164
1.90215
1.90266
1.90317
1.90367
1.90418
1.90469
1.9052
1.9057
1.90621
1.90671
1.90722
1.90772
1.90822
1.90873
1.90923
1.90973
1.91023
1.91073
1.91123
1.91173
1.91222
1.91272
1.91322
1.91371
1.91421
1.9147
1.91519
1.91569
1.91618
1.91667
1.91716
1.91765
1.91814
1.91863
1.91912
1.9196
1.92009
1.92058
1.92106
1.92154
1.92203
1.92251
1.92299
1.92347
1.92395
1.92443
1.92491
1.92539
1.92586
1.92634
1.92681
1.92729
1.92776
1.92823
1.9287
1.92917
1.92964
1.93011
1.93058
1.93105
1.93151
1.93198
1.93244
1.93291
1.93337
1.93383
1.93429
1.93475
1.93521
1.93567
1.93612
1.93658
1.93704
1.93749
1.93794
1.93839
1.93884
1.93929
1.93974
1.94019
1.94064
1.94108
1.94153
1.94197
1.94241
1.94286
1.9433
1.94374
1.94417
1.94461
1.94505
1.94548
1.94592
1.94635
1.94678
1.94721
1.94764
1.94807
1.9485
1.94892
1.94935
1.94977
1.95019
1.95061
1.95103
1.95145
1.95187
1.95228
1.9527
1.95311
1.95353
1.95394
1.95435
1.95476
1.95516
1.95557
1.95597
1.95638
1.95678
1.95718
1.95758
1.95798
1.95837
1.95877
1.95916
1.95956
1.95995
1.96034
1.96073
1.96111
1.9615
1.96188
1.96227
1.96265
1.96303
1.96341
1.96378
1.96416
1.96453
1.96491
1.96528
1.96565
1.96602
1.96638
1.96675
1.96711
1.96747
1.96783
1.96819
1.96855
1.96891
1.96926
1.96961
1.96996
1.97031
1.97066
1.97101
1.97135
1.97169
1.97203
1.97237
1.97271
1.97305
1.97338
1.97372
1.97405
1.97438
1.9747
1.97503
1.97535
1.97568
1.976
1.97632
1.97663
1.97695
1.97726
1.97757
1.97788
1.97819
1.9785
1.9788
1.9791
1.9794
1.9797
1.98
1.98029
1.98059
1.98088
1.98117
1.98145
1.98174
1.98202
1.9823
1.98258
1.98286
1.98314
1.98341
1.98368
1.98395
1.98422
1.98448
1.98475
1.98501
1.98527
1.98553
1.98578
1.98603
1.98628
1.98653
1.98678
1.98702
1.98727
1.98751
1.98775
1.98798
1.98822
1.98845
1.98868
1.9889
1.98913
1.98935
1.98957
1.98979
1.99001
1.99022
1.99043
1.99064
1.99085
1.99105
1.99126
1.99146
1.99165
1.99185
1.99204
1.99223
1.99242
1.99261
1.99279
1.99297
1.99315
1.99333
1.9935
1.99367
1.99384
1.99401
1.99417
1.99434
1.9945
1.99465
1.99481
1.99496
1.99511
1.99525
1.9954
1.99554
1.99568
1.99582
1.99595
1.99608
1.99621
1.99634
1.99646
1.99658
1.9967
1.99682
1.99693
1.99704
1.99715
1.99726
1.99736
1.99746
1.99756
1.99765
1.99774
1.99783
1.99792
1.998
1.99808
1.99816
1.99824
1.99831
1.99838
1.99845
1.99851
1.99857
1.99863
1.99869
1.99874
1.99879
1.99884
1.99889
1.99893
1.99897
1.999
1.99904
1.99907
1.99909
1.99912
1.99914
1.99916
1.99917
1.99919
1.9992
1.9992
1.99921
1.99921
1.99921
1.9992
1.99919
1.99918
1.99917
1.99915
1.99913
1.99911
1.99908
1.99905
1.99902
1.99899
1.99895
1.99891
1.99886
1.99882
1.99877
1.99871
1.99865
1.99859
1.99853
1.99847
1.9984
1.99832
1.99825
1.99817
1.99809
1.998
1.99791
1.99782
1.99773
1.99763
1.99753
1.99743
1.99732
1.99721
1.99709
1.99698
1.99686
1.99673
1.99661
1.99648
1.99634
1.99621
1.99607
1.99592
1.99578
1.99563
1.99547
1.99532
1.99516
1.99499
1.99483
1.99466
1.99448
1.99431
1.99413
1.99395
1.99376
1.99357
1.99338
1.99318
1.99298
1.99278
1.99257
1.99236
1.99215
1.99193
1.99171
1.99149
1.99126
1.99103
1.99079
1.99056
1.99032
1.99007
1.98983
1.98957
1.98932
1.98906
1.9888
1.98854
1.98827
1.988
1.98772
1.98744
1.98716
1.98687
1.98659
1.98629
1.986
1.9857
1.9854
1.98509
1.98478
1.98447
1.98415
1.98383
1.9835
1.98318
1.98285
1.98251
1.98217
1.98183
1.98149
1.98114
1.98079
1.98043
1.98007
1.97971
1.97934
1.97897
1.9786
1.97823
1.97784
1.97746
1.97707
1.97668
1.97629
1.97589
1.97549
1.97508
1.97468
1.97426
1.97385
1.97343
1.97301
1.97258
1.97215
1.97172
1.97128
1.97084
1.9704
1.96995
1.9695
1.96904
1.96859
1.96812
1.96766
1.96719
1.96672
1.96624
1.96576
1.96528
1.96479
1.9643
1.96381
1.96331
1.96281
1.96231
1.9618
1.96129
1.96078
1.96026
1.95974
1.95921
1.95868
1.95815
1.95761
1.95708
1.95653
1.95599
1.95544
1.95488
1.95433
1.95377
1.9532
1.95264
1.95206
1.95149
1.95091
1.95033
1.94975
1.94916
1.94857
1.94797
1.94737
1.94677
1.94616
1.94556
1.94494
1.94433
1.94371
1.94308
1.94246
1.94183
1.9412
1.94056
1.93992
1.93928
1.93863
1.93798
1.93732
1.93667
1.93601
1.93534
1.93468
1.93401
1.93333
1.93265
1.93197
1.93129
1.9306
1.92991
1.92922
1.92852
1.92782
1.92711
1.92641
1.9257
1.92498
1.92426
1.92354
1.92282
1.92209
1.92136
1.92063
1.91989
1.91915
1.91841
1.91766
1.91691
1.91615
1.9154
1.91464
1.91387
1.91311
1.91234
1.91157
1.91079
1.91001
1.90923
1.90844
1.90765
1.90686
1.90607
1.90527
1.90447
1.90366
1.90286
1.90204
1.90123
1.90041
1.89959
1.89877
1.89794
1.89712
1.89628
1.89545
1.89461
1.89377
1.89292
1.89208
1.89123
1.89037
1.88952
1.88866
1.88779
1.88693
1.88606
1.88519
1.88431
1.88344
1.88256
1.88167
1.88079
1.8799
1.87901
1.87811
1.87722
1.87632
1.87541
1.87451
1.8736
1.87269
1.87177
1.87085
1.86993
1.86901
1.86809
1.86716
1.86623
1.86529
1.86436
1.86342
1.86247
1.86153
1.86058
1.85963
1.85868
1.85772
1.85677
1.85581
1.85484
1.85388
1.85291
1.85194
1.85096
1.84999
1.84901
1.84803
1.84704
1.84606
1.84507
1.84408
1.84308
1.84209
1.84109
1.84008
1.83908
1.83807
1.83707
1.83605
1.83504
1.83402
1.83301
1.83199
1.83096
1.82994
1.82891
1.82788
1.82685
1.82581
1.82477
1.82374
1.82269
1.82165
1.8206
1.81956
1.81851
1.81745
1.8164
1.81534
1.81428
1.81322
1.81216
1.81109
1.81002
1.80895
1.80788
1.80681
1.80573
1.80465
1.80357
1.80249
1.8014
1.80032
1.79923
1.79814
1.79704
1.79595
1.79485
1.79375
1.79265
1.79155
1.79045
1.78934
1.78823
1.78712
1.78601
1.7849
1.78378
1.78267
1.78155
1.78043
1.7793
1.77818
1.77705
1.77593
1.7748
1.77366
1.77253
1.7714
1.77026
1.76912
1.76798
1.76684
1.7657
1.76455
1.76341
1.76226
1.76111
1.75996
1.75881
1.75765
1.7565
1.75534
1.75418
1.75302
1.75186
1.7507
1.74953
1.74836
1.7472
1.74603
1.74486
1.74369
1.74251
1.74134
1.74016
1.73899
1.73781
1.73663
1.73545
1.73426
1.73308
1.7319
1.73071
1.72952
1.72833
1.72714
1.72595
1.72476
1.72357
1.72237
1.72118
1.71998
1.71878
1.71758
1.71638
1.71518
1.71398
1.71278
1.71157
1.71037
1.70916
1.70795
1.70674
1.70553
1.70432
1.70311
1.7019
1.70069
1.69947
1.69826
1.69704
1.69582
1.69461
1.69339
1.69217
1.69095
1.68973
1.68851
1.68728
1.68606
1.68483
1.68361
1.68238
1.68116
1.67993
1.6787
1.67747
1.67624
1.67501
1.67378
1.67255
1.67132
1.67009
1.66885
1.66762
1.66638
1.66515
1.66391
1.66268
1.66144
1.6602
1.65897
1.65773
1.65649
1.65525
1.65401
1.65277
1.65153
1.65029
1.64905
1.6478
1.64656
1.64532
1.64408
1.64283
1.64159
1.64035
1.6391
1.63786
1.63661
1.63537
1.63412
1.63287
1.63163
1.63038
1.62913
1.62789
1.62664
1.62539
1.62415
1.6229
1.62165
1.6204
1.61915
1.6179
1.61666
1.61541
1.61416
1.61291
1.61166
1.61041
1.60916
1.60791
1.60666
1.60541
1.60417
1.60292
1.60167
1.60042
1.59917
1.59792
1.59667
1.59542
1.59417
1.59292
1.59167
1.59043
1.58918
1.58793
1.58668
1.58543
1.58418
1.58293
1.58169
1.58044
1.57919
1.57794
1.5767
1.57545
1.5742
1.57296
1.57171
1.57047
1.56922
1.56797
1.56673
1.56548
1.56424
1.563
1.56175
1.56051
1.55926
1.55802
1.55678
1.55554
1.55429
1.55305
1.55181
1.55057
1.54933
1.54809
1.54685
1.54561
1.54437
1.54314
1.5419
1.54066
1.53943
1.53819
1.53695
1.53572
1.53448
1.53325
1.53202
1.53078
1.52955
1.52832
1.52709
1.52586
1.52463
1.5234
1.52217
1.52094
1.51971
1.51848
1.51726
1.51603
1.51481
1.51358
1.51236
1.51114
1.50991
1.50869
1.50747
1.50625
1.50503
1.50381
1.50259
1.50137
1.50016
1.49894
1.49773
1.49651
1.4953
1.49409
1.49287
1.49166
1.49045
1.48924
1.48803
1.48682
1.48562
1.48441
1.4832
1.482
1.4808
1.47959
1.47839
1.47719
1.47599
1.47479
1.47359
1.47239
1.4712
1.47
1.4688
1.46761
1.46642
1.46523
1.46403
1.46284
1.46165
1.46047
1.45928
1.45809
1.45691
1.45572
1.45454
1.45336
1.45217
1.45099
1.44981
1.44864
1.44746
1.44628
1.44511
1.44393
1.44276
1.44159
1.44042
1.43925
1.43808
1.43691
1.43574
1.43458
1.43341
1.43225
1.43109
1.42993
1.42877
1.42761
1.42645
1.42529
1.42414
1.42298
1.42183
1.42068
1.41953
1.41838
1.41723
1.41608
1.41493
1.41379
1.41264
1.4115
1.41036
1.40922
1.40808
1.40694
1.40581
1.40467
1.40354
1.4024
1.40127
1.40014
1.39901
1.39788
1.39676
1.39563
1.39451
1.39338
1.39226
1.39114
1.39002
1.3889
1.38779
1.38667
1.38556
1.38445
1.38333
1.38222
1.38111
1.38001
1.3789
1.3778
1.37669
1.37559
1.37449
1.37339
1.37229
1.37119
1.3701
1.369
1.36791
1.36682
1.36573
1.36464
1.36355
1.36247
1.36138
1.3603
1.35921
1.35813
1.35705
1.35598
1.3549
1.35382
1.35275
1.35168
1.35061
1.34954
1.34847
1.3474
1.34634
1.34527
1.34421
1.34315
1.34209
1.34103
1.33997
1.33892
1.33786
1.33681
1.33576
1.33471
1.33366
1.33261
1.33157
1.33052
1.32948
1.32844
1.3274
1.32636
1.32532
1.32429
1.32325
1.32222
1.32119
1.32016
1.31913
1.3181
1.31708
1.31606
1.31503
1.31401
1.31299
1.31197
1.31096
1.30994
1.30893
1.30792
1.30691
1.3059
1.30489
1.30388
1.30288
1.30188
1.30087
1.29987
1.29888
1.29788
1.29688
1.29589
1.2949
1.2939
1.29291
1.29193
1.29094
1.28995
1.28897
1.28799
1.28701
1.28603
1.28505
1.28408
1.2831
1.28213
1.28116
1.28019
1.27922
1.27825
1.27728
1.27632
1.27536
1.2744
1.27344
1.27248
1.27152
1.27057
1.26961
1.26866
1.26771
1.26676
1.26582
1.26487
1.26393
1.26298
1.26204
1.2611
1.26017
1.25923
1.25829
1.25736
1.25643
1.2555
1.25457
1.25364
1.25272
1.25179
1.25087
1.24995
1.24903
1.24811
1.24719
1.24628
1.24536
1.24445
1.24354
1.24263
1.24173
1.24082
1.23992
1.23901
1.23811
1.23721
1.23631
1.23542
1.23452
1.23363
1.23274
1.23185
1.23096
1.23007
1.22918
1.2283
1.22742
1.22653
1.22566
1.22478
1.2239
1.22303
1.22215
1.22128
1.22041
1.21954
1.21867
1.21781
1.21694
1.21608
1.21522
1.21436
1.2135
1.21264
1.21179
1.21094
1.21008
1.20923
1.20838
1.20754
1.20669
1.20585
1.205
1.20416
1.20332
1.20248
1.20165
1.20081
1.19998
1.19915
1.19831
1.19749
1.19666
1.19583
1.19501
1.19418
1.19336
1.19254
1.19172
1.19091
1.19009
1.18928
1.18847
1.18766
1.18685
1.18604
1.18523
1.18443
1.18362
1.18282
1.18202
1.18122
1.18043
1.17963
1.17884
1.17804
1.17725
1.17646
1.17567
1.17489
1.1741
1.17332
1.17254
1.17176
1.17098
1.1702
1.16942
1.16865
1.16788
1.1671
1.16633
1.16557
1.1648
1.16403
1.16327
1.16251
1.16174
1.16099
1.16023
1.15947
1.15872
1.15796
1.15721
1.15646
1.15571
1.15496
1.15422
1.15347
1.15273
1.15199
1.15124
1.15051
1.14977
1.14903
1.1483
1.14756
1.14683
1.1461
1.14537
1.14465
1.14392
1.1432
1.14248
1.14175
1.14103
1.14032
1.1396
1.13888
1.13817
1.13746
1.13675
1.13604
1.13533
1.13462
1.13392
1.13321
1.13251
1.13181
1.13111
1.13041
1.12971
1.12902
1.12833
1.12763
1.12694
1.12625
1.12557
1.12488
1.12419
1.12351
1.12283
1.12215
1.12147
1.12079
1.12011
1.11944
1.11876
1.11809
1.11742
1.11675
1.11608
1.11542
1.11475
1.11409
1.11343
1.11277
1.11211
1.11145
1.11079
1.11014
1.10948
1.10883
1.10818
1.10753
1.10688
1.10623
1.10559
1.10494
1.1043
1.10366
1.10302
1.10238
1.10174
1.10111
1.10047
1.09984
1.09921
1.09858
1.09795
1.09732
1.0967
1.09607
1.09545
1.09483
1.09421
1.09359
1.09297
1.09235
1.09174
1.09112
1.09051
1.0899
1.08929
1.08868
1.08807
1.08747
1.08686
1.08626
1.08566
1.08506
1.08446
1.08386
1.08327
1.08267
1.08208
1.08149
1.0809
1.08031
1.07972
1.07913
1.07855
1.07796
1.07738
1.0768
1.07622
1.07564
1.07506
1.07448
1.07391
1.07334
1.07276
1.07219
1.07162
1.07105
1.07049
1.06992
1.06936
1.06879
1.06823
1.06767
1.06711
1.06656
1.066
1.06544
1.06489
1.06434
1.06379
1.06324
1.06269
1.06214
1.06159
1.06105
1.0605
1.05996
1.05942
1.05888
1.05834
1.05781
1.05727
1.05674
1.0562
1.05567
1.05514
1.05461
1.05408
1.05355
1.05303
1.0525
1.05198
1.05146
1.05094
1.05042
1.0499
1.04938
1.04887
1.04835
1.04784
1.04733
1.04682
1.04631
1.0458
1.04529
1.04479
1.04428
1.04378
1.04328
1.04278
1.04228
1.04178
1.04128
1.04079
1.04029
1.0398
1.03931
1.03881
1.03832
1.03784
1.03735
1.03686
1.03638
1.03589
1.03541
1.03493
1.03445
1.03397
1.03349
1.03302
1.03254
1.03207
1.0316
1.03113
1.03065
1.03019
1.02972
1.02925
1.02879
1.02832
1.02786
1.0274
1.02694
1.02648
1.02602
1.02556
1.0251
1.02465
1.0242
1.02374
1.02329
1.02284
1.02239
1.02194
1.0215
1.02105
1.02061
1.02017
1.01972
1.01928
1.01884
1.0184
1.01797
1.01753
1.0171
1.01666
1.01623
1.0158
1.01537
1.01494
1.01451
1.01408
1.01366
1.01323
1.01281
1.01239
1.01197
1.01155
1.01113
1.01071
1.01029
1.00988
1.00946
1.00905
1.00864
1.00823
1.00782
1.00741
1.007
1.00659
1.00619
1.00578
1.00538
1.00498
1.00458
1.00418
1.00378
1.00338
1.00299
1.00259
1.0022
1.0018
1.00141
1.00102
1.00063
1.00024
0.999855
0.999469
0.999083
0.998699
0.998316
0.997934
0.997553
0.997173
0.996794
0.996416
0.99604
0.995664
0.99529
0.994916
0.994544
0.994173
0.993803
0.993434
0.993066
0.992699
0.992333
0.991968
0.991605
0.991242
0.990881
0.99052
0.990161
0.989802
0.989445
0.989089
0.988734
0.98838
0.988027
0.987675
0.987324
0.986974
0.986625
0.986278
0.985931
0.985585
0.985241
0.984897
0.984555
0.984213
0.983873
0.983534
0.983195
0.982858
0.982522
0.982187
0.981853
0.98152
0.981188
0.980857
0.980527
0.980198
0.97987
0.979543
0.979217
0.978892
0.978568
0.978246
0.977924
0.977603
0.977283
0.976965
0.976647
0.97633
0.976015
0.9757
0.975386
0.975074
0.974762
0.974452
0.974142
0.973834
0.973526
0.973219
0.972914
0.972609
0.972306
0.972003
0.971702
0.971401
0.971102
0.970803
0.970506
0.970209
0.969914
0.969619
0.969326
0.969033
0.968741
0.968451
0.968161
0.967873
0.967585
0.967298
0.967013
0.966728
0.966444
0.966162
0.96588
0.965599
0.965319
0.965041
0.964763
0.964486
0.96421
0.963935
0.963661
0.963388
0.963116
0.962845
0.962575
0.962306
0.962038
0.961771
0.961504
0.961239
0.960975
0.960712
0.960449
0.960188
0.959927
0.959668
0.959409
0.959152
0.958895
0.958639
0.958384
0.958131
0.957878
0.957626
0.957375
0.957125
0.956876
0.956628
0.95638
0.956134
0.955889
0.955644
0.955401
0.955158
0.954917
0.954676
0.954437
0.954198
0.95396
0.953723
0.953487
0.953252
0.953018
0.952785
0.952552
0.952321
0.952091
0.951861
0.951632
0.951405
0.951178
0.950952
0.950727
0.950503
0.95028
0.950058
0.949837
0.949617
0.949397
0.949179
0.948961
0.948744
0.948529
0.948314
0.9481
0.947887
0.947674
0.947463
0.947253
0.947043
0.946835
0.946627
0.94642
0.946215
0.94601
0.945806
0.945602
0.9454
0.945199
0.944998
0.944799
0.9446
0.944402
0.944205
0.944009
0.943814
0.94362
0.943427
0.943234
0.943042
0.942852
0.942662
0.942473
0.942285
0.942098
0.941911
0.941726
0.941541
0.941358
0.941175
0.940993
0.940812
0.940632
0.940452
0.940274
0.940096
0.93992
0.939744
0.939569
0.939395
0.939222
0.939049
0.938878
0.938707
0.938537
0.938368
0.9382
0.938033
0.937867
0.937701
0.937537
0.937373
0.93721
0.937048
0.936887
0.936727
0.936567
0.936408
0.936251
0.936094
0.935938
0.935782
0.935628
0.935475
0.935322
0.93517
0.935019
0.934869
0.93472
0.934571
0.934424
0.934277
0.934131
0.933986
0.933841
0.933698
0.933555
0.933414
0.933273
0.933133
0.932993
0.932855
0.932717
0.932581
0.932445
0.93231
0.932176
0.932042
0.93191
0.931778
0.931647
0.931517
0.931387
0.931259
0.931131
0.931005
0.930879
0.930753
0.930629
0.930505
0.930383
0.930261
0.93014
0.93002
0.9299
0.929782
0.929664
0.929547
0.929431
0.929315
0.929201
0.929087
0.928974
0.928862
0.928751
0.92864
0.92853
0.928421
0.928313
0.928206
0.9281
0.927994
0.927889
0.927785
0.927682
0.927579
0.927478
0.927377
0.927277
0.927178
0.927079
0.926981
0.926885
0.926789
0.926693
0.926599
0.926505
0.926412
0.92632
0.926229
0.926138
0.926049
0.92596
0.925872
0.925784
0.925698
0.925612
0.925527
0.925443
0.925359
0.925277
0.925195
0.925114
0.925034
0.924954
0.924875
0.924797
0.92472
0.924644
0.924568
0.924493
0.924419
0.924346
0.924274
0.924202
0.924131
0.924061
0.923991
0.923923
0.923855
0.923788
0.923722
0.923656
0.923591
0.923527
0.923464
0.923402
0.92334
0.923279
0.923219
0.923159
0.923101
0.923043
0.922986
0.92293
0.922874
0.922819
0.922765
0.922712
0.922659
0.922607
0.922556
0.922506
0.922457
0.922408
0.92236
0.922313
0.922266
0.92222
0.922175
0.922131
0.922088
0.922045
0.922003
0.921962
0.921921
0.921882
0.921843
0.921804
0.921767
0.92173
0.921694
0.921659
0.921624
0.921591
0.921558
0.921525
0.921494
0.921463
0.921433
0.921404
0.921375
0.921347
0.92132
0.921294
0.921268
0.921243
0.921219
0.921196
0.921173
0.921151
0.92113
0.921109
0.92109
0.921071
0.921052
0.921035
0.921018
0.921002
0.920986
0.920972
0.920958
0.920945
0.920932
0.92092
0.920909
0.920899
0.920889
0.920881
0.920872
0.920865
0.920858
0.920852
0.920847
0.920842
0.920839
0.920836
0.920833
0.920831
0.920831
0.92083
0.920831
0.920832
0.920834
0.920836
0.92084
0.920844
0.920849
0.920854
0.92086
0.920867
0.920875
0.920883
0.920892
0.920902
0.920912
0.920923
0.920935
0.920947
0.920961
0.920974
0.920989
0.921004
0.92102
0.921037
0.921055
0.921073
0.921091
0.921111
0.921131
0.921152
0.921174
0.921196
0.921219
0.921243
0.921267
0.921292
0.921318
0.921344
0.921371
0.921399
0.921428
0.921457
0.921487
0.921517
0.921549
0.92158
0.921613
0.921646
0.92168
0.921715
0.92175
0.921786
0.921823
0.921861
0.921899
0.921937
0.921977
0.922017
0.922058
0.922099
0.922141
0.922184
0.922228
0.922272
0.922317
0.922362
0.922408
0.922455
0.922503
0.922551
0.9226
0.922649
0.9227
0.92275
0.922802
0.922854
0.922907
0.922961
0.923015
0.92307
0.923125
0.923181
0.923238
0.923296
0.923354
0.923413
0.923472
0.923532
0.923593
0.923654
0.923716
0.923779
0.923843
0.923907
0.923971
0.924037
0.924103
0.924169
0.924237
0.924305
0.924373
0.924443
0.924513
0.924583
0.924654
0.924726
0.924799
0.924872
0.924946
0.92502
0.925095
0.925171
0.925247
0.925324
0.925402
0.92548
0.925559
0.925638
0.925719
0.925799
0.925881
0.925963
0.926046
0.926129
0.926213
0.926298
0.926383
0.926469
0.926555
0.926642
0.92673
0.926818
0.926907
0.926997
0.927087
0.927178
0.92727
0.927362
0.927454
0.927548
0.927642
0.927736
0.927832
0.927927
0.928024
0.928121
0.928219
0.928317
0.928416
0.928515
0.928616
0.928716
0.928818
0.92892
0.929022
0.929125
0.929229
0.929334
0.929439
0.929544
0.92965
0.929757
0.929865
0.929973
0.930081
0.930191
0.9303
0.930411
0.930522
0.930634
0.930746
0.930859
0.930972
0.931086
0.931201
0.931316
0.931432
0.931548
0.931665
0.931783
0.931901
0.93202
0.932139
0.932259
0.932379
0.932501
0.932622
0.932744
0.932867
0.932991
0.933115
0.933239
0.933365
0.93349
0.933617
0.933744
0.933871
0.933999
0.934128
0.934257
0.934387
0.934517
0.934648
0.93478
0.934912
0.935044
0.935178
0.935311
0.935446
0.935581
0.935716
0.935852
0.935989
0.936126
0.936264
0.936402
0.936541
0.93668
0.93682
0.936961
0.937102
0.937244
0.937386
0.937529
0.937672
0.937816
0.93796
0.938105
0.938251
0.938397
0.938543
0.938691
0.938838
0.938987
0.939135
0.939285
0.939435
0.939585
0.939736
0.939888
0.94004
0.940192
0.940345
0.940499
0.940653
0.940808
0.940963
0.941119
0.941276
0.941432
0.94159
0.941748
0.941906
0.942065
0.942225
0.942385
0.942546
0.942707
0.942868
0.94303
0.943193
0.943356
0.94352
0.943684
0.943849
0.944014
0.94418
0.944347
0.944513
0.944681
0.944849
0.945017
0.945186
0.945355
0.945525
0.945696
0.945867
0.946038
0.94621
0.946383
0.946556
0.946729
0.946903
0.947078
0.947253
0.947428
0.947604
0.947781
0.947958
0.948135
0.948313
0.948491
0.94867
0.94885
0.94903
0.94921
0.949391
0.949573
0.949755
0.949937
0.95012
0.950303
0.950487
0.950672
0.950856
0.951042
0.951228
0.951414
0.951601
0.951788
0.951976
0.952164
0.952352
0.952542
0.952731
0.952921
0.953112
0.953303
0.953494
0.953686
0.953879
0.954072
0.954265
0.954459
0.954653
0.954848
0.955043
0.955239
0.955435
0.955632
0.955829
0.956027
0.956225
0.956423
0.956622
0.956821
0.957021
0.957222
0.957422
0.957624
0.957825
0.958027
0.95823
0.958433
0.958636
0.95884
0.959044
0.959249
0.959454
0.95966
0.959866
0.960073
0.96028
0.960487
0.960695
0.960903
0.961112
0.961321
0.961531
0.961741
0.961951
0.962162
0.962374
0.962585
0.962797
0.96301
0.963223
0.963437
0.96365
0.963865
0.96408
0.964295
0.96451
0.964726
0.964943
0.96516
0.965377
0.965594
0.965813
0.966031
0.96625
0.966469
0.966689
0.966909
0.96713
0.967351
0.967572
0.967794
0.968016
0.968239
0.968462
0.968685
0.968909
0.969133
0.969358
0.969583
0.969808
0.970034
0.97026
0.970486
0.970713
0.970941
0.971169
0.971397
0.971625
0.971854
0.972084
0.972313
0.972543
0.972774
0.973005
0.973236
0.973468
0.9737
0.973932
0.974165
0.974398
0.974632
0.974865
0.9751
0.975334
0.975569
0.975805
0.976041
0.976277
0.976513
0.97675
0.976988
0.977225
0.977463
0.977702
0.97794
0.978179
0.978419
0.978659
0.978899
0.979139
0.97938
0.979622
0.979863
0.980105
0.980348
0.98059
0.980833
0.981077
0.981321
0.981565
0.981809
0.982054
0.982299
