zad1
-5 -4.9 -4.8 -4.7 -4.6 -4.5 -4.4 -4.3 -4.2 -4.1 -4 -3.9 -3.8 -3.7 -3.6 -3.5 -3.4 -3.3 -3.2 -3.1 -3 -2.9 -2.8 -2.7 -2.6 -2.5 -2.4 -2.3 -2.2 -2.1 -2 -1.9 -1.8 -1.7 -1.6 -1.5 -1.4 -1.3 -1.2 -1.1 -1 -0.9 -0.8 -0.7 -0.6 -0.5 -0.4 -0.3 -0.2 -0.1 -1.02696e-15 0.1 0.2 0.3 0.4 0.5 0.6 0.7 0.8 0.9 1 1.1 1.2 1.3 1.4 1.5 1.6 1.7 1.8 1.9 2 2.1 2.2 2.3 2.4 2.5 2.6 2.7 2.8 2.9 3 3.1 3.2 3.3 3.4 3.5 3.6 3.7 3.8 3.9 4 4.1 4.2 4.3 4.4 4.5 4.6 4.7 4.8 4.9 5 
1.38879e-11 2.9816 2.81014 1.74974 0.753465 0.10891 -0.192536 -0.258925 -0.204115 -0.112095 -0.0309797 0.0201123 0.040599 0.0389378 0.0258165 0.010219 -0.00217295 -0.00900839 -0.0104556 -0.00811534 -0.00402734 4.05412e-05 0.00297056 0.00438133 0.00451005 0.00399148 0.0036221 0.00417325 0.00628667 0.0104578 0.0170901 0.0265905 0.0394707 0.0564203 0.0783304 0.106251 0.141287 0.184441 0.236427 0.297483 0.367205 0.444442 0.527251 0.612948 0.698233 0.779394 0.852573 0.914058 0.960578 0.989578 0.999431 0.989578 0.960578 0.914058 0.852573 0.779394 0.698233 0.612948 0.527251 0.444442 0.367205 0.297483 0.236427 0.184441 0.141287 0.106251 0.0783304 0.0564203 0.0394707 0.0265905 0.0170901 0.0104578 0.00628667 0.00417325 0.0036221 0.00399148 0.00451005 0.00438133 0.00297056 4.05412e-05 -0.00402734 -0.00811534 -0.0104556 -0.00900839 -0.00217295 0.010219 0.0258165 0.0389378 0.040599 0.0201123 -0.0309797 -0.112095 -0.204115 -0.258925 -0.192536 0.10891 0.753465 1.74974 2.81014 2.9816 1.39398e-11 
zad2
0 -4.98459
1 -4.86185
2 -4.6194
3 -4.2632
4 -3.80203
5 -3.24724
6 -2.61249
7 -1.91342
8 -1.16723
9 -0.392295
10 0.392295
11 1.16723
12 1.91342
13 2.61249
14 3.24724
15 3.80203
16 4.2632
17 4.6194
18 4.86185
19 4.98459


czybyszew
-5 -4.9 -4.8 -4.7 -4.6 -4.5 -4.4 -4.3 -4.2 -4.1 -4 -3.9 -3.8 -3.7 -3.6 -3.5 -3.4 -3.3 -3.2 -3.1 -3 -2.9 -2.8 -2.7 -2.6 -2.5 -2.4 -2.3 -2.2 -2.1 -2 -1.9 -1.8 -1.7 -1.6 -1.5 -1.4 -1.3 -1.2 -1.1 -1 -0.9 -0.8 -0.7 -0.6 -0.5 -0.4 -0.3 -0.2 -0.1 -1.02696e-15 0.1 0.2 0.3 0.4 0.5 0.6 0.7 0.8 0.9 1 1.1 1.2 1.3 1.4 1.5 1.6 1.7 1.8 1.9 2 2.1 2.2 2.3 2.4 2.5 2.6 2.7 2.8 2.9 3 3.1 3.2 3.3 3.4 3.5 3.6 3.7 3.8 3.9 4 4.1 4.2 4.3 4.4 4.5 4.6 4.7 4.8 4.9 5 
-0.00160085 0.00107679 -0.00141483 -0.00139088 0.000369862 0.00177646 0.00178841 0.000588296 -0.000995913 -0.00211007 -0.00225996 -0.00142491 3.27915e-05 0.00156247 0.00263375 0.00289694 0.00226451 0.000910723 -0.000794577 -0.00239082 -0.00344075 -0.00362707 -0.00281287 -0.00105564 0.00142549 0.00432211 0.00733493 0.0102816 0.0131966 0.0164069 0.0205717 0.0266779 0.0359899 0.0499564 0.0700827 0.0977803 0.134208 0.180123 0.235747 0.30068 0.373845 0.453498 0.537286 0.622349 0.705478 0.7833 0.852481 0.909934 0.95302 0.979719 0.988763 0.979719 0.95302 0.909934 0.852481 0.7833 0.705478 0.622349 0.537286 0.453498 0.373845 0.30068 0.235747 0.180123 0.134208 0.0977803 0.0700827 0.0499564 0.0359899 0.0266779 0.0205717 0.0164069 0.0131966 0.0102816 0.00733493 0.00432211 0.00142549 -0.00105564 -0.00281287 -0.00362707 -0.00344075 -0.00239082 -0.000794577 0.000910723 0.00226451 0.00289694 0.00263375 0.00156247 3.27915e-05 -0.00142491 -0.00225996 -0.00211007 -0.000995913 0.000588296 0.00178841 0.00177646 0.000369862 -0.00139088 -0.00141483 0.00107679 -0.00160085 
