zad1
-5 1.38879e-11
-4.9 -0.112136
-4.8 -0.20987
-4.7 -0.293945
-4.6 -0.36509
-4.5 -0.424015
-4.4 -0.47142
-4.3 -0.507984
-4.2 -0.534376
-4.1 -0.551245
-4 -0.559228
-3.9 -0.558945
-3.8 -0.551001
-3.7 -0.535986
-3.6 -0.514475
-3.5 -0.487027
-3.4 -0.454186
-3.3 -0.416479
-3.2 -0.374422
-3.1 -0.32851
-3 -0.279228
-2.9 -0.227042
-2.8 -0.172404
-2.7 -0.115751
-2.6 -0.0575042
-2.5 0.00193045
-2.4 0.0621622
-2.3 0.122816
-2.2 0.183531
-2.1 0.243964
-2 0.303784
-1.9 0.362677
-1.8 0.420346
-1.7 0.476506
-1.6 0.530889
-1.5 0.583243
-1.4 0.63333
-1.3 0.680928
-1.2 0.72583
-1.1 0.767844
-1 0.806795
-0.9 0.842522
-0.8 0.874878
-0.7 0.903734
-0.6 0.928976
-0.5 0.950502
-0.4 0.968229
-0.3 0.982089
-0.2 0.992027
-0.1 0.998005
-1.02696e-15 1
0.1 0.998005
0.2 0.992027
0.3 0.982089
0.4 0.968229
0.5 0.950502
0.6 0.928976
0.7 0.903734
0.8 0.874878
0.9 0.842522
1 0.806795
1.1 0.767844
1.2 0.72583
1.3 0.680928
1.4 0.63333
1.5 0.583243
1.6 0.530889
1.7 0.476506
1.8 0.420346
1.9 0.362677
2 0.303784
2.1 0.243964
2.2 0.183531
2.3 0.122816
2.4 0.0621622
2.5 0.00193045
2.6 -0.0575042
2.7 -0.115751
2.8 -0.172404
2.9 -0.227042
3 -0.279228
3.1 -0.32851
3.2 -0.374422
3.3 -0.416479
3.4 -0.454186
3.5 -0.487027
3.6 -0.514475
3.7 -0.535986
3.8 -0.551001
3.9 -0.558945
4 -0.559228
4.1 -0.551245
4.2 -0.534376
4.3 -0.507984
4.4 -0.47142
4.5 -0.424015
4.6 -0.36509
4.7 -0.293945
4.8 -0.20987
4.9 -0.112136
5 1.38848e-11
zad2
0 -4.6194
1 -1.91342
2 1.91342
3 4.6194
4 4.6194
