0 14.452326407531032 10.915862059958636 
1 17.070883481632602 10.603996361510426 
2 18.974881229479305 10.94479114938774 
3 20.84098921501211 12.042188759786676 
4 22.606677037912505 11.19056612122444 
5 25.439431400508933 10.412825408621973 
6 26.770331535365415 10.629071095410605 
7 28.893075197376533 10.947132435579501 
8 31.996055265473696 11.160185312908146 
9 32.24330276285912 10.941039366131164 
10 34.81902103031893 9.913320430956537 
11 37.29330452710577 11.008306049758595 
12 38.715666492313524 10.76288214608308 
13 41.13217849846959 10.775046881760494 
14 42.30775594784632 11.204976766590349 
15 44.303239933085145 11.23914783320171 
16 47.25152081899176 10.781171486131026 
17 48.80223157205244 10.837701763747914 
18 51.48644201141038 10.35107799418025 
19 53.009682918213635 11.213177886835883 
20 55.22539292009398 10.588072815159132 
21 57.65607935987713 10.340055378400322 
22 58.70342085379676 10.64267273766788 
23 61.88015006396821 10.010560264782363 
24 62.94029210507724 10.17551062092989 
25 64.80125150034776 9.724945990207049 
26 66.62626297490192 10.346099609200476 
27 68.29870314362658 10.449569746948047 
28 70.74880600480726 10.410076612230343 
29 72.77042107566051 11.0340274288421 
30 74.71778000595388 10.68723299358646 
31 77.89149975850417 10.924336998811905 
32 78.6395849387511 10.599800401919548 
33 81.33717988348131 10.832185007296129 
34 83.27351002487721 10.586344216121127 
35 84.99323009147825 11.626731411186734 
36 85.835585421782 10.98782569046275 
37 89.26681665921409 10.315480561455255 
38 91.13157188511546 10.121428454096122 
39 92.87852842106481 10.22332265749333 
40 95.2487066988574 11.843403625168627 
41 97.15807482209067 11.17398548081004 
42 99.50799877776956 9.746056073484521 
43 101.02036177423658 11.224043370512756 
44 103.61117038335335 11.173134615572923 
45 104.2217645177531 11.61379468455389 
46 106.78709687371338 10.733819030999927 
47 108.62520199340089 11.247877022136274 
48 110.06049383862639 10.364773143980425 
49 112.77046523364487 11.531309298976335 
