zad1
-5 -4.9 -4.8 -4.7 -4.6 -4.5 -4.4 -4.3 -4.2 -4.1 -4 -3.9 -3.8 -3.7 -3.6 -3.5 -3.4 -3.3 -3.2 -3.1 -3 -2.9 -2.8 -2.7 -2.6 -2.5 -2.4 -2.3 -2.2 -2.1 -2 -1.9 -1.8 -1.7 -1.6 -1.5 -1.4 -1.3 -1.2 -1.1 -1 -0.9 -0.8 -0.7 -0.6 -0.5 -0.4 -0.3 -0.2 -0.1 -1.02696e-15 0.1 0.2 0.3 0.4 0.5 0.6 0.7 0.8 0.9 1 1.1 1.2 1.3 1.4 1.5 1.6 1.7 1.8 1.9 2 2.1 2.2 2.3 2.4 2.5 2.6 2.7 2.8 2.9 3 3.1 3.2 3.3 3.4 3.5 3.6 3.7 3.8 3.9 4 4.1 4.2 4.3 4.4 4.5 4.6 4.7 4.8 4.9 5 
1.38879e-11 3.71287 4.52478 3.92464 2.80537 1.65969 0.722167 0.0698583 -0.308359 -0.465882 -0.469523 -0.382768 -0.257365 -0.130378 -0.0245808 0.0493189 0.0896785 0.100832 0.0903307 0.0667289 0.037994 0.010519 -0.0113377 -0.0252931 -0.0308817 -0.0290118 -0.0214399 -0.0102472 0.00261953 0.0157007 0.0282482 0.0403163 0.0527295 0.0669462 0.0848453 0.108467 0.139737 0.180207 0.230826 0.291784 0.362409 0.441153 0.525656 0.612867 0.699244 0.780974 0.854239 0.915472 0.961604 0.990274 1 0.990274 0.961604 0.915472 0.854239 0.780974 0.699244 0.612867 0.525656 0.441153 0.362409 0.291784 0.230826 0.180207 0.139737 0.108467 0.0848453 0.0669462 0.0527295 0.0403163 0.0282482 0.0157007 0.00261953 -0.0102472 -0.0214399 -0.0290118 -0.0308817 -0.0252931 -0.0113377 0.010519 0.037994 0.0667289 0.0903307 0.100832 0.0896785 0.0493189 -0.0245808 -0.130378 -0.257365 -0.382768 -0.469523 -0.465882 -0.308359 0.0698583 0.722167 1.65969 2.80537 3.92464 4.52478 3.71287 1.40961e-11 
zad2
0 -4.97261
1 -4.75528
2 -4.33013
3 -3.71572
4 -2.93893
5 -2.03368
6 -1.03956
7 -1.33227e-15
8 1.03956
9 2.03368
10 2.93893
11 3.71572
12 4.33013
13 4.75528
14 4.97261


czybyszew
-5 -4.9 -4.8 -4.7 -4.6 -4.5 -4.4 -4.3 -4.2 -4.1 -4 -3.9 -3.8 -3.7 -3.6 -3.5 -3.4 -3.3 -3.2 -3.1 -3 -2.9 -2.8 -2.7 -2.6 -2.5 -2.4 -2.3 -2.2 -2.1 -2 -1.9 -1.8 -1.7 -1.6 -1.5 -1.4 -1.3 -1.2 -1.1 -1 -0.9 -0.8 -0.7 -0.6 -0.5 -0.4 -0.3 -0.2 -0.1 -1.02696e-15 0.1 0.2 0.3 0.4 0.5 0.6 0.7 0.8 0.9 1 1.1 1.2 1.3 1.4 1.5 1.6 1.7 1.8 1.9 2 2.1 2.2 2.3 2.4 2.5 2.6 2.7 2.8 2.9 3 3.1 3.2 3.3 3.4 3.5 3.6 3.7 3.8 3.9 4 4.1 4.2 4.3 4.4 4.5 4.6 4.7 4.8 4.9 5 
-0.0227118 0.022891 0.0103429 -0.0116847 -0.0236499 -0.021978 -0.0105313 0.00458005 0.0178484 0.0256495 0.0265299 0.0209221 0.0105855 -0.00202624 -0.0143449 -0.0241443 -0.0298437 -0.0306567 -0.026603 -0.0184098 -0.00733609 0.00504718 0.0170908 0.0272887 0.0344665 0.0379232 0.0375178 0.0336974 0.0274704 0.0203292 0.0141334 0.010963 0.0129555 0.0221379 0.0402664 0.0686841 0.108206 0.159035 0.220723 0.292162 0.371621 0.456822 0.54504 0.633237 0.718213 0.796761 0.865833 0.92269 0.965043 0.99117 1 0.99117 0.965043 0.92269 0.865833 0.796761 0.718213 0.633237 0.54504 0.456822 0.371621 0.292162 0.220723 0.159035 0.108206 0.0686841 0.0402664 0.0221379 0.0129555 0.010963 0.0141334 0.0203292 0.0274704 0.0336974 0.0375178 0.0379232 0.0344665 0.0272887 0.0170908 0.00504718 -0.00733609 -0.0184098 -0.026603 -0.0306567 -0.0298437 -0.0241443 -0.0143449 -0.00202624 0.0105855 0.0209221 0.0265299 0.0256495 0.0178484 0.00458005 -0.0105313 -0.021978 -0.0236499 -0.0116847 0.0103429 0.022891 -0.0227118 
