zad1
-5 -4.9 -4.8 -4.7 -4.6 -4.5 -4.4 -4.3 -4.2 -4.1 -4 -3.9 -3.8 -3.7 -3.6 -3.5 -3.4 -3.3 -3.2 -3.1 -3 -2.9 -2.8 -2.7 -2.6 -2.5 -2.4 -2.3 -2.2 -2.1 -2 -1.9 -1.8 -1.7 -1.6 -1.5 -1.4 -1.3 -1.2 -1.1 -1 -0.9 -0.8 -0.7 -0.6 -0.5 -0.4 -0.3 -0.2 -0.1 -1.02696e-15 0.1 0.2 0.3 0.4 0.5 0.6 0.7 0.8 0.9 1 1.1 1.2 1.3 1.4 1.5 1.6 1.7 1.8 1.9 2 2.1 2.2 2.3 2.4 2.5 2.6 2.7 2.8 2.9 3 3.1 3.2 3.3 3.4 3.5 3.6 3.7 3.8 3.9 4 4.1 4.2 4.3 4.4 4.5 4.6 4.7 4.8 4.9 5 
1.38879e-11 -0.112136 -0.20987 -0.293945 -0.36509 -0.424015 -0.47142 -0.507984 -0.534376 -0.551245 -0.559228 -0.558945 -0.551001 -0.535986 -0.514475 -0.487027 -0.454186 -0.416479 -0.374422 -0.32851 -0.279228 -0.227042 -0.172404 -0.115751 -0.0575042 0.00193045 0.0621622 0.122816 0.183531 0.243964 0.303784 0.362677 0.420346 0.476506 0.530889 0.583243 0.63333 0.680928 0.72583 0.767844 0.806795 0.842522 0.874878 0.903734 0.928976 0.950502 0.968229 0.982089 0.992027 0.998005 1 0.998005 0.992027 0.982089 0.968229 0.950502 0.928976 0.903734 0.874878 0.842522 0.806795 0.767844 0.72583 0.680928 0.63333 0.583243 0.530889 0.476506 0.420346 0.362677 0.303784 0.243964 0.183531 0.122816 0.0621622 0.00193045 -0.0575042 -0.115751 -0.172404 -0.227042 -0.279228 -0.32851 -0.374422 -0.416479 -0.454186 -0.487027 -0.514475 -0.535986 -0.551001 -0.558945 -0.559228 -0.551245 -0.534376 -0.507984 -0.47142 -0.424015 -0.36509 -0.293945 -0.20987 -0.112136 1.38848e-11 
zad2
0 -4.75528
1 -2.93893
2 -4.44089e-16
3 2.93893
4 4.75528


czybyszew
-5 -4.9 -4.8 -4.7 -4.6 -4.5 -4.4 -4.3 -4.2 -4.1 -4 -3.9 -3.8 -3.7 -3.6 -3.5 -3.4 -3.3 -3.2 -3.1 -3 -2.9 -2.8 -2.7 -2.6 -2.5 -2.4 -2.3 -2.2 -2.1 -2 -1.9 -1.8 -1.7 -1.6 -1.5 -1.4 -1.3 -1.2 -1.1 -1 -0.9 -0.8 -0.7 -0.6 -0.5 -0.4 -0.3 -0.2 -0.1 -1.02696e-15 0.1 0.2 0.3 0.4 0.5 0.6 0.7 0.8 0.9 1 1.1 1.2 1.3 1.4 1.5 1.6 1.7 1.8 1.9 2 2.1 2.2 2.3 2.4 2.5 2.6 2.7 2.8 2.9 3 3.1 3.2 3.3 3.4 3.5 3.6 3.7 3.8 3.9 4 4.1 4.2 4.3 4.4 4.5 4.6 4.7 4.8 4.9 5 
0.199912 0.109929 0.0314945 -0.0359864 -0.0930974 -0.14041 -0.178482 -0.207862 -0.229083 -0.242667 -0.249125 -0.248953 -0.242637 -0.23065 -0.213453 -0.191493 -0.165208 -0.135021 -0.101343 -0.0645736 -0.0251 0.0167034 0.0604741 0.105862 0.152529 0.20015 0.248412 0.297013 0.345665 0.394092 0.442029 0.489225 0.53544 0.580447 0.62403 0.665987 0.706128 0.744275 0.780262 0.813934 0.845152 0.873785 0.899718 0.922845 0.943075 0.960328 0.974536 0.985644 0.99361 0.998401 1 0.998401 0.99361 0.985644 0.974536 0.960328 0.943075 0.922845 0.899718 0.873785 0.845152 0.813934 0.780262 0.744275 0.706128 0.665987 0.62403 0.580447 0.53544 0.489225 0.442029 0.394092 0.345665 0.297013 0.248412 0.20015 0.152529 0.105862 0.0604741 0.0167034 -0.0251 -0.0645736 -0.101343 -0.135021 -0.165208 -0.191493 -0.213453 -0.23065 -0.242637 -0.248953 -0.249125 -0.242667 -0.229083 -0.207862 -0.178482 -0.14041 -0.0930974 -0.0359864 0.0314945 0.109929 0.199912 
