zad1
-5 -4.9 -4.8 -4.7 -4.6 -4.5 -4.4 -4.3 -4.2 -4.1 -4 -3.9 -3.8 -3.7 -3.6 -3.5 -3.4 -3.3 -3.2 -3.1 -3 -2.9 -2.8 -2.7 -2.6 -2.5 -2.4 -2.3 -2.2 -2.1 -2 -1.9 -1.8 -1.7 -1.6 -1.5 -1.4 -1.3 -1.2 -1.1 -1 -0.9 -0.8 -0.7 -0.6 -0.5 -0.4 -0.3 -0.2 -0.1 -1.02696e-15 0.1 0.2 0.3 0.4 0.5 0.6 0.7 0.8 0.9 1 1.1 1.2 1.3 1.4 1.5 1.6 1.7 1.8 1.9 2 2.1 2.2 2.3 2.4 2.5 2.6 2.7 2.8 2.9 3 3.1 3.2 3.3 3.4 3.5 3.6 3.7 3.8 3.9 4 4.1 4.2 4.3 4.4 4.5 4.6 4.7 4.8 4.9 5 
1.38879e-11 -0.271386 -0.429098 -0.500607 -0.508923 -0.473091 -0.408652 -0.328073 -0.241129 -0.155271 -0.0759514 -0.00692136 0.0494949 0.0921555 0.120879 0.136249 0.139435 0.132037 0.115955 0.0932611 0.066107 0.0366321 0.00689376 -0.0211917 -0.0458951 -0.0657103 -0.0793794 -0.0859088 -0.0845772 -0.0749371 -0.0568084 -0.030268 0.00436647 0.0465563 0.0955651 0.150484 0.210261 0.273728 0.339631 0.406661 0.473486 0.538776 0.601233 0.659617 0.712775 0.759655 0.799336 0.831035 0.854132 0.868173 0.872885 0.868173 0.854132 0.831035 0.799336 0.759655 0.712775 0.659617 0.601233 0.538776 0.473486 0.406661 0.339631 0.273728 0.210261 0.150484 0.0955651 0.0465563 0.00436647 -0.030268 -0.0568084 -0.0749371 -0.0845772 -0.0859088 -0.0793794 -0.0657103 -0.0458951 -0.0211917 0.00689376 0.0366321 0.066107 0.0932611 0.115955 0.132037 0.139435 0.136249 0.120879 0.0921555 0.0494949 -0.00692136 -0.0759514 -0.155271 -0.241129 -0.328073 -0.408652 -0.473091 -0.508923 -0.500607 -0.429098 -0.271386 1.38789e-11 
zad2
0 -4.93844
1 -4.45503
2 -3.53553
3 -2.26995
4 -0.782172
5 0.782172
6 2.26995
7 3.53553
8 4.45503
9 4.93844


czybyszew
-5 -4.9 -4.8 -4.7 -4.6 -4.5 -4.4 -4.3 -4.2 -4.1 -4 -3.9 -3.8 -3.7 -3.6 -3.5 -3.4 -3.3 -3.2 -3.1 -3 -2.9 -2.8 -2.7 -2.6 -2.5 -2.4 -2.3 -2.2 -2.1 -2 -1.9 -1.8 -1.7 -1.6 -1.5 -1.4 -1.3 -1.2 -1.1 -1 -0.9 -0.8 -0.7 -0.6 -0.5 -0.4 -0.3 -0.2 -0.1 -1.02696e-15 0.1 0.2 0.3 0.4 0.5 0.6 0.7 0.8 0.9 1 1.1 1.2 1.3 1.4 1.5 1.6 1.7 1.8 1.9 2 2.1 2.2 2.3 2.4 2.5 2.6 2.7 2.8 2.9 3 3.1 3.2 3.3 3.4 3.5 3.6 3.7 3.8 3.9 4 4.1 4.2 4.3 4.4 4.5 4.6 4.7 4.8 4.9 5 
0.0165922 -0.00724703 -0.0172043 -0.0177412 -0.012443 -0.00412793 0.00505334 0.0135256 0.0202048 0.024422 0.0258526 0.0244545 0.0204101 0.0140764 0.00593936 -0.00342625 -0.0133916 -0.0233042 -0.0325143 -0.0403968 -0.0463693 -0.0499075 -0.0505565 -0.0479395 -0.0417644 -0.031827 -0.0180125 -0.000295273 0.0212634 0.0465193 0.0752501 0.107162 0.141895 0.179035 0.218117 0.258639 0.300067 0.341848 0.383417 0.424207 0.463659 0.501229 0.536397 0.568678 0.597623 0.622831 0.643951 0.66069 0.672815 0.680158 0.682617 0.680158 0.672815 0.66069 0.643951 0.622831 0.597623 0.568678 0.536397 0.501229 0.463659 0.424207 0.383417 0.341848 0.300067 0.258639 0.218117 0.179035 0.141895 0.107162 0.0752501 0.0465193 0.0212634 -0.000295273 -0.0180125 -0.031827 -0.0417644 -0.0479395 -0.0505565 -0.0499075 -0.0463693 -0.0403968 -0.0325143 -0.0233042 -0.0133916 -0.00342625 0.00593936 0.0140764 0.0204101 0.0244545 0.0258526 0.024422 0.0202048 0.0135256 0.00505334 -0.00412793 -0.012443 -0.0177412 -0.0172043 -0.00724703 0.0165922 
