	U1 		 U2 		 U3
1. 0.020757 0.103785 1.03097e-05 
2. 0.352869 0.820757 0.0121318 
3. 0.998168 0.755922 0.28225 
4. 0.966911 0.245543 0.850681 
5. 0.435531 0.868742 0.547522 
6. 0.403175 0.834188 0.765969 
7. 0.853236 0.897436 0.730861 
8. 0.503297 0.272772 0.460967 
9. 0.555067 0.182784 0.208291 
10. 0.435043 0.534799 0.345714 
11. 0.394872 0.452381 0.674989 
12. 0.712088 0.447741 0.986911 
13. 0.104029 0.0533578 0.879693 
14. 0.768376 0.534921 0.979709 
15. 0.0608059 0.462759 0.318271 
16. 0.0335775 0.329792 0.671221 
17. 0.570818 0.0289377 0.0863124 
18. 0.702808 0.459463 0.474583 
19. 0.946398 0.0495726 0.595613 
20. 0.0868132 0.213187 0.216423 
21. 0.475702 0.118681 0.497946 
22. 0.0859585 0.0866911 0.833973 
23. 0.461172 0.367888 0.0890158 
24. 0.839072 0.266667 0.980204 
25. 0.262515 0.66398 0.244057 
26. 0.462271 0.431502 0.884196 
27. 0.857753 0.67326 0.885076 
28. 0.580098 0.220147 0.36751 
29. 0.860562 0.710256 0.89575 
30. 0.627839 0.364469 0.740959 
31. 0.672039 0.97619 0.192033 
32. 0.423321 0.966178 0.337721 
33. 0.195604 0.11514 0.543447 
34. 0.324908 0.785836 0.621454 
35. 0.522833 0.788034 0.750179 
36. 0.887179 0.974847 0.638714 
37. 0.0802198 0.852015 0.09435 
38. 0.363614 0.412454 0.0163614 
39. 0.180708 0.0543346 0.858539 
40. 0.0716728 0.617949 0.356448 
41. 0.218315 0.519292 0.44331 
42. 0.710989 0.134432 0.213924 
43. 0.085348 0.425397 0.951301 
44. 0.450794 0.154335 0.800775 
45. 0.662637 0.11685 0.760651 
46. 0.263492 0.931136 0.980413 
47. 0.478877 0.136874 0.862035 
48. 0.139927 0.632967 0.759141 
49. 0.37851 0.795726 0.326496 
50. 0.433944 0.628571 0.426243 
51. 0.37619 0.4221 0.404012 
52. 0.394505 0.874237 0.109668 
53. 0.705861 0.301099 0.297681 
54. 0.998291 0.590354 0.467097 
55. 0.968987 0.173993 0.452618 
56. 0.470818 0.787668 0.394554 
57. 0.0029304 0.943712 0.622884 
58. 0.0498168 0.205739 0.722024 
59. 0.846886 0.485714 0.204893 
60. 0.39536 0.280708 0.903016 
61. 0.720391 0.857387 0.683451 
62. 0.245177 0.869109 0.479556 
63. 0.167521 0.865324 0.487776 
64. 0.847619 0.54359 0.257282 
65. 0.407814 0.199512 0.211901 
66. 0.932112 0.956532 0.234271 
67. 0.844078 0.29536 0.20245 
68. 0.347619 0.102564 0.201754 
69. 0.908913 0.716972 0.143858 
70. 0.449695 0.935287 0.51638 
71. 0.643956 0.489744 0.912194 
72. 0.946032 0.623199 0.409751 
73. 0.0805861 0.965568 0.356276 
74. 0.369841 0.0632479 0.82949 
75. 0.286569 0.375458 0.0610704 
76. 0.871184 0.910134 0.892886 
77. 0.808425 0.352015 0.348198 
78. 0.741636 0.917705 0.842152 
79. 0.606349 0.995482 0.0770591 
80. 0.306716 0.605739 0.038047 
81. 0.213553 0.481563 0.14429 
82. 0.630037 0.927961 0.699711 
83. 0.709402 0.867155 0.404358 
84. 0.0583639 0.699267 0.558672 
85. 0.992186 0.430525 0.51767 
86. 0.865201 0.590232 0.518876 
87. 0.706716 0.163614 0.479735 
88. 0.0126984 0.905617 0.411548 
89. 0.215873 0.968132 0.59434 
90. 0.669475 0.281197 0.39823 
91. 0.379731 0.898901 0.473879 
92. 0.454701 0.397314 0.617169 
93. 0.72906 0.767643 0.493573 
94. 0.392552 0.241758 0.99282 
95. 0.67265 0.547009 0.163211 
96. 0.4337 0.49011 0.924676 
97. 0.372039 0.654335 0.5672 
98. 0.323932 0.611722 0.711491 
99. 0.506227 0.99011 0.125305 
100. 0.604884 0.149084 0.866329 
101. 0.281807 0.670696 0.360922 
102. 0.790232 0.0021978 0.687928 
103. 0.432357 0.186813 0.325414 
104. 0.349206 0.877289 0.0670597 
105. 0.935897 0.560562 0.934661 
106. 0.908425 0.642002 0.077963 
107. 0.441392 0.563614 0.34276 
108. 0.502808 0.901465 0.117807 
109. 0.546764 0.615263 0.916424 
110. 0.293895 0.290965 0.339232 
111. 0.995726 0.72906 0.804199 
112. 0.925397 0.962637 0.014767 
113. 0.729915 0.814286 0.840411 
114. 0.407082 0.205861 0.376852 
115. 0.919658 0.496093 0.850895 
116. 0.632357 0.162759 0.45549 
117. 0.74884 0.832967 0.865988 
118. 0.728816 0.793651 0.8943 
119. 0.3884 0.452137 0.846051 
120. 0.602076 0.426984 0.937361 
121. 0.234066 0.289255 0.38425 
122. 0.978755 0.583761 0.00840035 
123. 0.636874 0.613675 0.784273 
124. 0.825641 0.156044 0.131604 
125. 0.034188 0.262149 0.272982 
126. 0.581197 0.279976 0.144224 
127. 0.879243 0.795116 0.25902 
128. 0.945421 0.576679 0.298505 
129. 0.0702076 0.0117216 0.496733 
130. 0.193407 0.996337 0.768972 
131. 0.287546 0.678388 0.632005 
132. 0.88779 0.656044 0.437322 
133. 0.0905983 0.757021 0.823202 
134. 0.540049 0.33895 0.0136779 
135. 0.179731 0.807326 0.81489 
136. 0.0550672 0.614408 0.506808 
137. 0.936142 0.218315 0.0758372 
138. 0.912576 0.554579 0.477741 
139. 0.511966 0.133455 0.849398 
140. 0.702442 0.342369 0.724269 
141. 0.940171 0.0978022 0.919058 
142. 0.981074 0.31221 0.363318 
143. 0.676313 0.534676 0.0930984 
144. 0.495971 0.442002 0.988577 
145. 0.430525 0.56569 0.233968 
146. 0.318071 0.0777778 0.629844 
147. 0.406593 0.610379 0.747761 
148. 0.911355 0.875946 0.545059 
149. 0.491209 0.446398 0.28857 
150. 0.349573 0.939316 0.889415 
151. 0.942125 0.832234 0.906963 
152. 0.0141636 0.73138 0.866399 
153. 0.240781 0.159707 0.165035 
154. 0.0927961 0.573504 0.653052 
155. 0.577411 0.742002 0.305392 
156. 0.814896 0.0625153 0.146755 
157. 0.851648 0.313187 0.162759 
158. 0.476313 0.617705 0.391517 
159. 0.096337 0.498535 0.293833 
160. 0.637607 0.37033 0.487309 
161. 0.838095 0.474237 0.106364 
162. 0.24591 0.30525 0.200089 
163. 0.179976 0.943223 0.75824 
164. 0.0592186 0.164225 0.924947 
165. 0.00659341 0.957509 0.258283 
166. 0.112088 0.378388 0.598064 
167. 0.905372 0.159096 0.255633 
168. 0.389499 0.521612 0.0783078 
169. 0.620757 0.331624 0.566305 
170. 0.551648 0.184615 0.560819 
171. 0.376923 0.690476 0.463785 
172. 0.40696 0.683394 0.937532 
173. 0.917582 0.0814408 0.0999734 
174. 0.59707 0.921734 0.0487142 
175. 0.148962 0.337851 0.905948 
176. 0.532112 0.713919 0.849725 
177. 0.0448107 0.675824 0.971987 
178. 0.761783 0.438095 0.213971 
179. 0.94884 0.233578 0.393973 
180. 0.128327 0.85177 0.382202 
181. 0.181319 0.391697 0.986844 
182. 0.0820513 0.290232 0.355534 
183. 0.39475 0.666789 0.482286 
184. 0.710012 0.670208 0.572408 
185. 0.0687424 0.960806 0.434635 
186. 0.168498 0.658608 0.544344 
187. 0.864225 0.974969 0.266232 
188. 0.69011 0.862393 0.451874 
189. 0.730525 0.294505 0.117362 
190. 0.41746 0.0299145 0.812246 
191. 0.0959707 0.542491 0.957214 
192. 0.63138 0.106105 0.99402 
193. 0.732234 0.0178266 0.363447 
194. 0.44652 0.51514 0.597865 
195. 0.589988 0.781685 0.915922 
196. 0.0285714 0.435165 0.055431 
197. 0.485714 0.984615 0.897205 
198. 0.256166 0.682173 0.607736 
199. 0.354335 0.977778 0.418269 
200. 0.0229548 0.100977 0.340109 
201. 0.390232 0.582051 0.673323 
202. 0.633211 0.468376 0.675441 
203. 0.76337 0.807204 0.177158 
204. 0.975824 0.604029 0.110802 
205. 0.587057 0.336264 0.372379 
206. 0.978877 0.578999 0.0947064 
207. 0.63895 0.208913 0.790195 
208. 0.860928 0.755556 0.400454 
209. 0.634066 0.214408 0.460155 
210. 0.7779 0.222466 0.598082 
211. 0.222711 0.907448 0.739139 
212. 0.785714 0.123687 0.231677 
213. 0.355556 0.51221 0.615961 
214. 0.0437118 0.532601 0.0362898 
215. 0.743101 0.265568 0.293565 
216. 0.631258 0.570574 0.742314 
217. 0.730159 0.492918 0.713186 
218. 0.411233 0.89304 0.732289 
219. 0.990232 0.899267 0.183186 
220. 0.83199 0.428449 0.903592 
221. 0.142125 0.413797 0.552516 
222. 0.415873 0.168498 0.798793 
223. 0.0689866 0.320635 0.672395 
224. 0.17265 0.250672 0.0225611 
225. 0.934799 0.304518 0.64291 
226. 0.889744 0.880952 0.53624 
227. 0.12381 0.871917 0.622193 
228. 0.104518 0.103907 0.997408 
229. 0.776679 0.831136 0.67029 
230. 0.201954 0.637973 0.449514 
231. 0.432845 0.221123 0.372695 
232. 0.357509 0.793284 0.20579 
233. 0.0769231 0.421001 0.442822 
234. 0.30757 0.78083 0.410581 
235. 0.228083 0.362515 0.931705 
236. 0.877045 0.810134 0.15407 
237. 0.908059 0.853114 0.574309 
238. 0.435165 0.505861 0.502494 
239. 0.396947 0.99304 0.241703 
240. 0.747375 0.398168 0.896768 
241. 0.703907 0.840293 0.781999 
242. 0.965079 0.416239 0.523958 
243. 0.404396 0.376068 0.0644552 
244. 0.873993 0.962027 0.990925 
245. 0.856166 0.762393 0.0128605 
246. 0.553114 0.795604 0.200935 
247. 0.401832 0.618193 0.163168 
248. 0.830403 0.540049 0.305704 
249. 0.11514 0.898657 0.204397 
250. 0.957265 0.376557 0.377015 
251. 0.271551 0.0034188 0.990281 
252. 0.615873 0.290598 0.054368 
253. 0.46862 0.697924 0.171412 
254. 0.96569 0.316361 0.567633 
255. 0.414774 0.887546 0.0978553 
256. 0.0503053 0.432234 0.331396 
257. 0.855189 0.735531 0.271607 
258. 0.536508 0.512576 0.340829 
259. 0.119536 0.563736 0.265929 
260. 0.0318681 0.911844 0.170385 
261. 0.541758 0.497314 0.197687 
262. 0.208791 0.266545 0.258807 
263. 0.549084 0.653602 0.746315 
264. 0.333333 0.549451 0.756348 
265. 0.666056 0.69768 0.666245 
266. 0.321612 0.295604 0.329197 
267. 0.466789 0.123321 0.786987 
268. 0.934554 0.481074 0.642047 
269. 0.885592 0.886447 0.292665 
270. 0.0532357 0.338828 0.52371 
271. 0.905006 0.796947 0.131768 
272. 0.383272 0.732357 0.727555 
273. 0.514896 0.242735 0.202046 
274. 0.752259 0.630037 0.496327 
275. 0.786935 0.546642 0.0371203 
276. 0.376313 0.458974 0.0651297 
277. 0.396581 0.00805861 0.858583 
278. 0.741148 0.684982 0.750791 
279. 0.598046 0.216361 0.869086 
280. 0.165568 0.388523 0.056553 
281. 0.814408 0.0203907 0.682381 
282. 0.843346 0.733089 0.450201 
283. 0.335165 0.305006 0.0697679 
284. 0.697192 0.922466 0.453526 
285. 0.850916 0.400122 0.881888 
286. 0.463858 0.00622711 0.413106 
287. 0.884737 0.529304 0.942067 
288. 0.0387057 0.98547 0.847937 
289. 0.657998 0.754823 0.340788 
290. 0.184615 0.152137 0.432247 
291. 0.138095 0.930159 0.261487 
292. 0.347375 0.0538462 0.744204 
293. 0.904762 0.576435 0.810044 
294. 0.379121 0.991087 0.458732 
295. 0.444322 0.232112 0.801217 
296. 0.552625 0.727228 0.958355 
297. 0.393529 0.80696 0.329592 
298. 0.689255 0.583272 0.0939881 
299. 0.715995 0.572161 0.046564 
300. 0.170452 0.627839 0.841295 
301. 0.897436 0.359829 0.0137119 
302. 0.254579 0.581807 0.573603 
303. 0.32735 0.447619 0.935023 
304. 0.564347 0.0429792 0.577082 
305. 0.592796 0.652869 0.461036 
306. 0.0763126 0.487179 0.551426 
307. 0.297192 0.40525 0.863609 
308. 0.0516484 0.442125 0.308326 
309. 0.878022 0.576068 0.611451 
310. 0.924664 0.959951 0.925598 
311. 0.71746 0.585958 0.592624 
312. 0.19536 0.800488 0.0462972 
313. 0.320757 0.0332112 0.0208171 
314. 0.452259 0.822711 0.316445 
315. 0.687546 0.921978 0.0896957 
316. 0.686935 0.358608 0.526725 
317. 0.676557 0.478022 0.826907 
318. 0.500122 0.626984 0.189103 
319. 0.501099 0.287179 0.364479 
320. 0.517705 0.407326 0.33036 
321. 0.8 0.618559 0.320323 
322. 0.598413 0.571184 0.624481 
323. 0.171795 0.544811 0.904309 
324. 0.920269 0.303297 0.09377 
325. 0.642735 0.777167 0.111077 
326. 0.925275 0.05116 0.0839417 
327. 0.727839 0.348107 0.200795 
328. 0.371795 0.585592 0.3062 
329. 0.31978 0.769353 0.545124 
330. 0.435653 0.387057 0.628519 
331. 0.40525 0.895971 0.551269 
332. 0.888523 0.14823 0.126234 
333. 0.103053 0.598046 0.373987 
334. 0.75177 0.827839 0.183263 
335. 0.778632 0.357753 0.712889 
336. 0.235165 0.405372 0.0544744 
337. 0.997436 0.452503 0.761887 
338. 0.954457 0.45812 0.47466 
339. 0.22381 0.935531 0.49164 
340. 0.804396 0.510501 0.878275 
341. 0.673138 0.387302 0.50811 
342. 0.442002 0.916728 0.0250424 
343. 0.513187 0.912454 0.237141 
344. 0.723199 0.549206 0.244147 
345. 0.292918 0.676923 0.612169 
346. 0.979121 0.531502 0.434541 
347. 0.643101 0.172161 0.186909 
348. 0.931502 0.63199 0.399652 
349. 0.8337 0.712698 0.612689 
350. 0.171184 0.572039 0.35902 
351. 0.90989 0.61746 0.31924 
352. 0.4663 0.477778 0.475172 
353. 0.926252 0.606227 0.619024 
354. 0.744444 0.523077 0.295068 
355. 0.65409 0.456166 0.583857 
356. 0.118193 0.769475 0.522218 
357. 0.00903541 0.397436 0.942425 
358. 0.153602 0.778022 0.0169577 
359. 0.610989 0.12381 0.421979 
360. 0.385592 0.522589 0.024206 
361. 0.554335 0.414652 0.424082 
362. 0.422589 0.241148 0.883379 
363. 0.18315 0.495116 0.788798 
364. 0.113187 0.0797314 0.663358 
365. 0.924054 0.776435 0.254979 
366. 0.707082 0.989011 0.876005 
367. 0.0189255 0.0556777 0.653935 
368. 0.321734 0.732112 0.852846 
369. 0.468864 0.221978 0.939341 
370. 0.969841 0.865934 0.853623 
371. 0.485348 0.595482 0.982511 
372. 0.249939 0.60989 0.649401 
373. 0.248474 0.834432 0.916431 
374. 0.223565 0.918193 0.178272 
375. 0.800244 0.0368742 0.637219 
376. 0.602564 0.133944 0.0816974 
377. 0.242369 0.383883 0.223249 
378. 0.11978 0.626129 0.827586 
379. 0.0360195 0.21453 0.851437 
380. 0.612332 0.232845 0.297683 
381. 0.408425 0.789499 0.588248 
382. 0.942491 0.0992674 0.3117 
383. 0.0203907 0.436752 0.49771 
384. 0.346642 0.119414 0.105102 
385. 0.892308 0.148962 0.799351 
386. 0.167399 0.660317 0.100162 
387. 0.845543 0.120147 0.29364 
388. 0.372527 0.211233 0.808554 
389. 0.332234 0.952747 0.161681 
390. 0.647375 0.973748 0.0677999 
391. 0.0040293 0.758608 0.365573 
392. 0.0684982 0.473871 0.131339 
393. 0.164347 0.274115 0.453852 
394. 0.793651 0.296947 0.84436 
395. 0.490476 0.237485 0.111576 
396. 0.337118 0.183761 0.530132 
397. 0.730403 0.617827 0.705659 
398. 0.415385 0.508913 0.489387 
399. 0.0606838 0.252381 0.585563 
400. 0.0315018 0.449817 0.207629 
401. 0.535531 0.229792 0.612797 
402. 0.10293 0.530037 0.0693027 
403. 0.749695 0.047619 0.737242 
404. 0.743346 0.0471306 0.614901 
405. 0.635409 0.00561661 0.374046 
406. 0.800733 0.477411 0.813717 
407. 0.610867 0.575092 0.0878043 
408. 0.383516 0.876923 0.610219 
409. 0.519048 0.529426 0.378146 
410. 0.822833 0.995849 0.323235 
411. 0.986569 0.636874 0.0169108 
412. 0.769719 0.127717 0.569163 
413. 0.0836386 0.854701 0.361527 
414. 0.421734 0.640781 0.273457 
415. 0.16862 0.459829 0.0322853 
416. 0.8663 0.0807082 0.662266 
417. 0.725397 0.859463 0.137994 
418. 0.330281 0.0454212 0.124817 
419. 0.614164 0.86044 0.649628 
420. 0.43956 0.128449 0.270385 
421. 0.471673 0.916972 0.499062 
422. 0.0174603 0.933211 0.724215 
423. 0.296825 0.313309 0.497295 
424. 0.0454212 0.628083 0.0949072 
425. 0.772161 0.380586 0.824436 
426. 0.125153 0.34591 0.814837 
427. 0.12735 0.398779 0.67065 
428. 0.164713 0.892186 0.582042 
429. 0.799878 0.826618 0.51183 
430. 0.596337 0.253968 0.0816765 
431. 0.136508 0.584737 0.220083 
432. 0.320391 0.696703 0.383106 
433. 0.446032 0.212576 0.433539 
434. 0.581685 0.0667888 0.175332 
435. 0.887546 0.676435 0.491406 
436. 0.0864469 0.489988 0.649017 
437. 0.469475 0.643956 0.948017 
438. 0.98022 0.72967 0.552784 
439. 0.661783 0.0144078 6.36908e-05 
440. 0.248962 0.224542 0.661075 
441. 0.231868 0.0837607 0.261615 
442. 0.941392 0.118803 0.51891 
443. 0.0017094 0.0970696 0.451057 
444. 0.0290598 0.249939 0.983015 
445. 0.494017 0.242247 0.37018 
446. 0.397314 0.588523 0.339355 
447. 0.753602 0.018315 0.301958 
448. 0.809768 0.556654 0.431876 
449. 0.764469 0.30989 0.272023 
450. 0.994505 0.337485 0.626634 
451. 0.90464 0.682784 0.439231 
452. 0.377045 0.0295482 0.560698 
453. 0.409035 0.511355 0.587589 
454. 0.952869 0.459951 0.669338 
455. 0.196825 0.0910867 0.222093 
456. 0.345665 0.741514 0.681563 
457. 0.875702 0.0210012 0.0712639 
458. 0.885226 0.784982 0.23005 
459. 0.0470085 0.715385 0.180083 
460. 0.799145 0.800366 0.896953 
461. 0.583883 0.0228327 0.189697 
462. 0.924908 0.940659 0.8152 
463. 0.721612 0.946398 0.658365 
464. 0.265934 0.434066 0.375777 
465. 0.520391 0.891209 0.456874 
466. 0.845665 0.74359 0.187395 
467. 0.374603 0.197436 0.102546 
468. 0.367521 0.780098 0.597505 
469. 0.247131 0.300244 0.837353 
470. 0.200733 0.517705 0.76618 
471. 0.412088 0.999634 0.128707 
472. 0.0046398 0.958608 0.379483 
473. 0.0788767 0.471795 0.979057 
474. 0.340781 0.0976801 0.0718584 
475. 0.792674 0.301832 0.556189 
476. 0.473871 0.652625 0.947429 
477. 0.054823 0.466422 0.732553 
478. 0.93199 0.641148 0.680046 
479. 0.842002 0.490965 0.616933 
480. 0.312332 0.726984 0.275919 
481. 0.309035 0.786203 0.836534 
482. 0.252991 0.81917 0.694401 
483. 0.300366 0.621001 0.373356 
484. 0.105617 0.778755 0.688409 
485. 0.79536 0.186081 0.900417 
486. 0.519536 0.815018 0.0638465 
487. 0.831136 0.268132 0.714123 
488. 0.127595 0.788523 0.18629 
489. 0.168864 0.0162393 0.513172 
490. 0.870452 0.38022 0.735455 
491. 0.795971 0.314774 0.187238 
492. 0.529915 0.752625 0.115704 
493. 0.00744811 0.965446 0.597988 
494. 0.126618 0.0528694 0.546486 
495. 0.152259 0.493407 0.787715 
496. 0.588156 0.934554 0.993591 
497. 0.997558 0.427473 0.689614 
498. 0.956532 0.330769 0.508006 
499. 0.259096 0.111966 0.901731 
500. 0.404151 0.515995 0.00708077 
501. 0.869841 0.854335 0.500497 
502. 0.785592 0.609646 0.51035 
503. 0.35348 0.813675 0.479986 
504. 0.00842491 0.153968 0.622095 
505. 0.143223 0.0857143 0.424883 
506. 0.434554 0.28486 0.330192 
507. 0.386569 0.210134 0.274297 
508. 0.57094 0.859341 0.528695 
509. 0.704884 0.0350427 0.0286548 
510. 0.981685 0.978388 0.203119 
511. 0.686691 0.152869 0.125406 
512. 0.672405 0.99243 0.173178 
513. 0.429548 0.346276 0.497018 
514. 0.301465 0.429915 0.825426 
515. 0.124298 0.538339 0.863396 
516. 0.112821 0.753358 0.38694 
517. 0.917827 0.0275946 0.371093 
518. 0.601221 0.345299 0.920677 
519. 0.219536 0.346886 0.655209 
520. 0.731746 0.481807 0.505451 
521. 0.438217 0.948718 0.620692 
522. 0.44884 0.631258 0.629666 
523. 0.629426 0.650427 0.308804 
524. 0.699023 0.279609 0.887915 
525. 0.882051 0.76398 0.268424 
526. 0.993162 0.930525 0.664959 
527. 0.881807 0.0849817 0.12267 
528. 0.989011 0.222589 0.46089 
529. 0.811233 0.917827 0.0340194 
530. 0.789377 0.00573871 0.142148 
531. 0.417827 0.48779 0.91926 
532. 0.102198 0.457143 0.279394 
533. 0.737241 0.852503 0.851371 
534. 0.531624 0.453968 0.204378 
535. 0.0365079 0.582662 0.1763 
536. 0.620635 0.520269 0.0253707 
537. 0.549573 0.21746 0.0305256 
538. 0.341636 0.481929 0.454496 
539. 0.807204 0.959096 0.601753 
540. 0.720879 0.513309 0.711844 
541. 0.25348 0.626007 0.501385 
542. 0.308669 0.204151 0.0245548 
543. 0.246764 0.350794 0.155762 
544. 0.194505 0.813919 0.878983 
545. 0.306227 0.174725 0.197011 
546. 0.20525 0.849939 0.695571 
547. 0.488889 0.23602 0.85231 
548. 0.310134 0.0592186 0.870564 
549. 0.271673 0.032967 0.126666 
550. 0.617949 0.801954 0.61407 
551. 0.503907 0.157753 0.226282 
552. 0.565446 0.407448 0.433414 
553. 0.611477 0.628938 0.276136 
554. 0.393895 0.453236 0.332405 
555. 0.695482 0.520391 0.229148 
556. 0.821856 0.227839 0.526105 
557. 0.969963 0.36398 0.273149 
558. 0.487424 0.934676 0.721551 
559. 0.285226 0.437851 0.0747953 
560. 0.848352 0.212821 0.0817739 
561. 0.420269 0.0875458 0.039112 
562. 0.143712 0.440537 0.530482 
563. 0.442857 0.441148 0.806992 
564. 0.527717 0.49304 0.477587 
565. 0.970208 0.903419 0.899264 
566. 0.491575 0.781319 0.671087 
567. 0.3558 0.404029 0.706961 
568. 0.0478632 0.338339 0.00408518 
569. 0.813675 0.755433 0.129563 
570. 0.830891 0.204029 0.958374 
571. 0.123443 0.340415 0.53808 
572. 0.0982906 0.931868 0.446391 
573. 0.670818 0.199145 0.234342 
574. 0.402564 0.925397 0.0902742 
575. 0.842857 0.649206 0.842056 
576. 0.326862 0.175824 0.694831 
577. 0.556044 0.943346 0.322783 
578. 0.451648 0.174603 0.65464 
579. 0.677167 0.83956 0.303747 
580. 0.510501 0.353968 0.717861 
581. 0.677534 0.0836386 0.17628 
582. 0.516728 0.108425 0.323763 
583. 0.783394 0.215018 0.855753 
584. 0.316117 0.274359 0.31178 
585. 0.373382 0.317705 0.746587 
586. 0.346764 0.0015873 0.989398 
587. 0.894383 0.134921 0.214836 
588. 0.202686 0.466911 0.936113 
589. 0.445299 0.682662 0.137027 
590. 0.569231 0.0191697 0.394426 
591. 0.675824 0.629304 0.633253 
592. 0.487668 0.484371 0.238392 
593. 0.289377 0.166545 0.531825 
594. 0.918926 0.154579 0.95079 
595. 0.619902 0.137607 0.48714 
596. 0.537118 0.695238 0.763573 
597. 0.129915 0.0880342 0.584323 
598. 0.208303 0.482051 0.359008 
599. 0.540781 0.969475 0.76085 
600. 0.192186 0.39536 0.413391 
601. 0.266789 0.601587 0.760932 
602. 0.534921 0.128694 0.290848 
603. 0.0925519 0.937729 0.356804 
604. 0.57326 0.697314 0.309205 
605. 0.744322 0.264469 0.813897 
606. 0.652015 0.477167 0.212219 
607. 0.082906 0.554335 0.0289098 
608. 0.40928 0.112698 0.713331 
609. 0.957021 0.578266 0.448516 
610. 0.267399 0.146642 0.675138 
611. 0.545299 0.463126 0.847551 
612. 0.268987 0.360928 0.787629 
613. 0.572283 0.675214 0.281496 
614. 0.727717 0.386203 0.830276 
615. 0.369719 0.823321 0.721992 
616. 0.284493 0.973871 0.486689 
617. 0.835897 0.768987 0.575679 
618. 0.208547 0.355922 0.607548 
619. 0.544933 0.249695 0.536802 
620. 0.262759 0.22149 0.424944 
621. 0.466422 0.82442 0.0592616 
622. 0.928327 0.0671551 0.270342 
623. 0.779731 0.70757 0.0930621 
624. 0.253846 0.136142 0.713838 
625. 0.314896 0.570696 0.959572 
626. 0.352625 0.503297 0.359138 
627. 0.994017 0.775092 0.449862 
628. 0.896337 0.874847 0.324474 
629. 0.235897 0.352991 0.406193 
630. 0.00976801 0.000610501 0.560633 
631. 0.166056 0.0518926 0.109637 
632. 0.822711 0.410379 0.825043 
633. 0.984493 0.878022 0.757655 
634. 0.734432 0.622833 0.480151 
635. 0.483883 0.934432 0.232131 
636. 0.225031 0.417094 0.284006 
637. 0.825153 0.448718 0.363123 
638. 0.0258852 0.136386 0.488541 
639. 0.440049 0.591453 0.887121 
640. 0.479976 0.267399 0.246143 
641. 0.158608 0.726252 0.502322 
642. 0.696093 0.723932 0.563123 
643. 0.832234 0.52674 0.808459 
644. 0.146276 0.767521 0.0397978 
645. 0.486447 0.23138 0.192897 
646. 0.26862 0.664957 0.411285 
647. 0.566056 0.51453 0.0683556 
648. 0.621856 0.729792 0.0283145 
649. 0.57033 0.0247863 0.632973 
650. 0.694505 0.106593 0.567967 
651. 0.80525 0.0593407 0.484274 
652. 0.687668 0.0433455 0.985501 
653. 0.689011 0.684005 0.446373 
654. 0.711844 0.133333 0.602762 
655. 0.0998779 0.33199 0.942696 
656. 0.697802 0.215751 0.0446378 
657. 0.861294 0.33663 0.418158 
658. 0.640293 0.610134 0.867528 
659. 0.883761 0.855189 0.691588 
660. 0.0221001 0.682295 0.428298 
661. 0.375702 0.988156 0.19306 
662. 0.386203 0.98315 0.467561 
663. 0.564713 0.557631 0.467055 
664. 0.599023 0.392918 0.252851 
665. 0.182173 0.394017 0.114706 
666. 0.0965812 0.487424 0.591283 
667. 0.641758 0.426007 0.716718 
668. 0.908669 0.206227 0.311289 
669. 0.445543 0.527228 0.0704722 
670. 0.573382 0.809035 0.230202 
671. 0.746398 0.759707 0.584632 
672. 0.687302 0.567277 0.464646 
673. 0.682784 0.212698 0.17959 
674. 0.605983 0.0771673 0.321912 
675. 0.300488 0.558486 0.854452 
676. 0.107692 0.465568 0.930685 
677. 0.830647 0.568498 0.37351 
678. 0.119292 0.316484 0.445875 
679. 0.0277167 0.897924 0.545768 
680. 0.471184 0.314286 0.288282 
681. 0.00915751 0.711111 0.447003 
682. 0.155678 0.437118 0.462995 
683. 0.646276 0.150549 0.247226 
684. 0.98547 0.795238 0.994991 
685. 0.751038 0.587057 0.293938 
686. 0.766178 0.893895 0.35021 
687. 0.0234432 0.971917 0.803368 
688. 0.398535 0.60293 0.704934 
689. 0.774359 0.242857 0.748109 
690. 0.162515 0.640415 0.0413498 
691. 0.762515 0.428694 0.79954 
692. 0.961294 0.434554 0.933096 
693. 0.340049 0.932723 0.879669 
694. 0.78022 0.271795 0.723971 
695. 0.262149 0.0997558 0.960545 
696. 0.456044 0.478266 0.473992 
697. 0.751893 0.647741 0.951777 
698. 0.780708 0.0512821 0.830356 
699. 0.270452 0.358486 0.132524 
700. 0.597192 0.467643 0.810338 
701. 0.151038 0.744933 0.274726 
702. 0.567399 0.3116 0.497844 
703. 0.644689 0.482784 0.119182 
704. 0.958486 0.0316239 0.888665 
705. 0.292308 0.68779 0.154046 
706. 0.968742 0.455067 0.494171 
707. 0.466667 0.676068 0.785784 
708. 0.932479 0.458852 0.0639573 
709. 0.850305 0.997802 0.679507 
710. 0.45348 0.80293 0.0541324 
711. 0.708303 0.240781 0.200698 
712. 0.0396825 0.46398 0.725796 
713. 0.674603 0.433578 0.906036 
714. 0.466911 0.849695 0.213385 
715. 0.93663 0.215263 0.263379 
716. 0.920879 0.295116 0.809554 
717. 0.653114 0.0818071 0.755205 
718. 0.101587 0.952869 0.783893 
719. 0.726862 0.984127 0.308556 
720. 0.355189 0.640659 0.131522 
721. 0.0374847 0.449451 0.292386 
722. 0.637241 0.198657 0.968374 
723. 0.831868 0.883883 0.952892 
724. 0.140049 0.120879 0.199455 
725. 0.380586 0.273504 0.859996 
726. 0.469231 0.245055 0.086577 
727. 0.976068 0.827228 0.40102 
728. 0.591209 0.305861 0.740028 
729. 0.0493284 0.995116 0.93842 
730. 0.838584 0.574603 0.0733529 
731. 0.254212 0.835409 0.659877 
732. 0.321123 0.0010989 0.917814 
733. 0.458486 0.0934066 0.60354 
734. 0.793407 0.938706 0.399818 
735. 0.486325 0.780342 0.0497811 
736. 0.266545 0.321001 0.561468 
737. 0.530769 0.281807 0.839071 
738. 0.021978 0.950794 0.885233 
739. 0.373626 0.807692 0.669398 
740. 0.350916 0.645543 0.00660724 
741. 0.964957 0.864591 0.9753 
742. 0.40232 0.481319 0.556122 
743. 0.838706 0.907204 0.276702 
744. 0.256288 0.10293 0.370654 
745. 0.35641 0.748107 0.974964 
746. 0.0582418 0.581441 0.066502 
747. 0.99011 0.416484 0.535161 
748. 0.829915 0.396825 0.0417542 
749. 0.106838 0.726129 0.107686 
750. 0.816117 0.713553 0.713378 
751. 0.872405 0.644689 0.0328514 
752. 0.829182 0.791941 0.829849 
753. 0.0943834 0.306838 0.350765 
754. 0.604396 0.078022 0.700334 
755. 0.273504 0.631136 0.132718 
756. 0.649084 0.640049 0.726485 
757. 0.0330891 0.397558 0.0304391 
758. 0.562515 0.7884 0.795181 
759. 0.561661 0.00586081 0.298213 
760. 0.547131 0.498168 0.445155 
761. 0.300122 0.339194 0.905693 
762. 0.101465 0.828083 0.770014 
763. 0.724786 0.37851 0.934142 
764. 0.319902 0.169475 0.601699 
765. 0.437729 0.403663 0.93627 
766. 0.440537 0.307204 0.196213 
767. 0.488278 0.109158 0.297347 
768. 0.299756 0.277289 0.105315 
769. 0.0952381 0.566789 0.208798 
770. 0.618926 0.171184 0.0800899 
771. 0.520513 0.548962 0.410748 
772. 0.847741 0.656166 0.0775398 
773. 0.40989 0.767399 0.690833 
774. 0.967399 0.221001 0.356663 
775. 0.443834 0.782906 0.815002 
776. 0.544322 0.53895 0.795551 
777. 0.252381 0.80525 0.943948 
778. 0.289988 0.437973 0.759699 
779. 0.929304 0.223199 0.570873 
780. 0.796337 0.969719 0.113313 
781. 0.536142 0.416117 0.0888478 
782. 0.113309 0.36569 0.604873 
783. 0.926129 0.0798535 0.713791 
784. 0.742369 0.786813 0.00432096 
785. 0.618803 0.871062 0.891331 
786. 0.518437 0.0312576 0.275784 
787. 0.812454 0.656654 0.599504 
788. 0.810134 0.808913 0.0768716 
789. 0.770696 0.749328 0.0612245 
790. 0.100244 0.685226 0.182335 
791. 0.704029 0.237118 0.316912 
792. 0.967155 0.152625 0.549023 
793. 0.439683 0.971673 0.238702 
794. 0.473748 0.582173 0.905817 
795. 0.0527473 0.478755 0.628664 
796. 0.896703 0.689255 0.228725 
797. 0.242125 0.579609 0.619225 
798. 0.115629 0.260806 0.312222 
799. 0.965568 0.165812 0.363632 
800. 0.412698 0.0923077 0.213809 
801. 0.0150183 0.845299 0.665953 
802. 0.255311 0.841758 0.551879 
803. 0.339805 0.540781 0.67947 
804. 0.776068 0.960928 0.361401 
805. 0.191575 0.668987 0.0420216 
806. 0.25641 0.857021 0.583807 
807. 0.358486 0.837973 0.429037 
808. 0.0935287 0.219048 0.877061 
809. 0.589866 0.61685 0.523739 
810. 0.0264957 0.425885 0.428852 
811. 0.450427 0.195849 0.0290935 
812. 0.65641 0.645177 0.359834 
813. 0.157631 0.833455 0.74912 
814. 0.679487 0.835165 0.75046 
815. 0.549939 0.980464 0.307352 
816. 0.347863 0.329304 0.561367 
817. 0.913065 0.987546 0.635494 
818. 0.520269 0.931258 0.775718 
819. 0.84359 0.147253 0.221699 
820. 0.339316 0.515018 0.315398 
821. 0.767766 0.771306 0.810588 
822. 0.0504274 0.553114 0.515455 
823. 0.857265 0.00891331 0.749533 
824. 0.571795 0.757631 0.866986 
825. 0.719414 0.390842 0.335636 
826. 0.228571 0.217582 0.55135 
827. 0.885348 0.492308 0.554589 
828. 0.0490842 0.841148 0.0797075 
829. 0.834432 0.488889 0.507442 
830. 0.183639 0.550549 0.350351 
831. 0.12149 0.791087 0.556625 
832. 0.0650794 0.234188 0.925328 
833. 0.106227 0.903663 0.987246 
834. 0.805739 0.802076 0.351761 
835. 0.695971 0.168132 0.228373 
836. 0.830159 0.289499 0.115332 
837. 0.110989 0.604518 0.437278 
838. 0.886691 0.377778 0.0599702 
839. 0.071917 0.107204 0.777687 
840. 0.222466 0.111233 0.682173 
841. 0.781563 0.453724 0.60853 
842. 0.284982 0.561905 0.691261 
843. 0.8442 0.756166 0.653082 
844. 0.349695 0.2663 0.0758408 
845. 0.9442 0.632845 0.817302 
846. 0.0494505 0.785348 0.960684 
847. 0.840659 0.74652 0.794381 
848. 0.289499 0.44652 0.689377 
849. 0.921001 0.949695 0.388095 
850. 0.655189 0.714286 0.741032 
851. 0.136874 0.70696 0.614127 
852. 0.326618 0.0842491 0.232713 
853. 0.551893 0.160317 0.194443 
854. 0.381074 0.625397 0.839862 
855. 0.477534 0.152259 0.974564 
856. 0.117094 0.940537 0.0556079 
857. 0.990476 0.93602 0.446774 
858. 0.836142 0.552015 0.308866 
859. 0.212698 0.915629 0.423297 
860. 0.615507 0.819048 0.152496 
861. 0.462393 0.610623 0.666643 
862. 0.859829 0.896703 0.830972 
863. 0.615385 0.210501 0.0204317 
864. 0.460317 0.890476 0.499541 
865. 0.824542 0.681319 0.423447 
866. 0.0155067 0.905128 0.582429 
867. 0.263614 0.926618 0.128151 
868. 0.480952 0.752991 0.411977 
869. 0.175214 0.996581 0.0301262 
870. 0.978388 0.699145 0.103712 
871. 0.630647 0.420147 0.104165 
872. 0.71978 0.708181 0.0812698 
873. 0.234799 0.188034 0.5135 
874. 0.991209 0.981074 0.82685 
875. 0.848596 0.381197 0.63773 
876. 0.42442 0.397802 0.378169 
877. 0.214286 0.809158 0.502471 
878. 0.642491 0.770085 0.691907 
879. 0.921123 0.449328 0.958134 
880. 0.657265 0.188278 0.409383 
881. 0.172161 0.0017094 0.46707 
882. 0.926496 0.145299 0.170233 
883. 0.748596 0.348962 0.653613 
884. 0.724664 0.658242 0.43012 
885. 0.317827 0.943834 0.888708 
886. 0.402442 0.216117 0.796094 
887. 0.840781 0.367766 0.833665 
888. 0.291575 0.256288 0.770098 
889. 0.956288 0.781929 0.987256 
890. 0.254945 0.455922 0.266428 
891. 0.333578 0.748718 0.203747 
892. 0.670208 0.633333 0.220896 
893. 0.392186 0.826862 0.680483 
894. 0.666422 0.274725 0.145145 
895. 0.327839 0.34884 0.39511 
896. 0.57265 0.647863 0.421234 
897. 0.733944 0.0616606 0.331962 
898. 0.47558 0.240537 0.843924 
899. 0.0838828 0.443223 0.541254 
900. 0.425885 0.669475 0.709484 
901. 0.239194 0.898535 0.0519374 
902. 0.065812 0.366178 0.542563 
903. 0.118681 0.121368 0.756249 
904. 0.0173382 0.315018 0.411884 
905. 0.29475 0.773382 0.190077 
906. 0.0101343 0.729548 0.568981 
907. 0.172283 0.0040293 0.181255 
908. 0.928571 0.342491 0.548157 
909. 0.783883 0.108181 0.676027 
910. 0.32442 0.194261 0.99632 
911. 0.51453 0.510256 0.0157592 
912. 0.746032 0.366545 0.724938 
913. 0.681074 0.152503 0.251399 
914. 0.576923 0.961294 0.641642 
915. 0.806593 0.700122 0.125436 
916. 0.710501 0.503175 0.0612913 
917. 0.0770452 0.764713 0.778193 
918. 0.309646 0.992796 0.395048 
919. 0.26337 0.377411 0.0427621 
920. 0.476801 0.0760684 0.450044 
921. 0.10464 0.465079 0.973662 
922. 0.778755 0.526984 0.236451 
923. 0.237241 0.788278 0.468493 
924. 0.0326007 0.995604 0.172463 
925. 0.554212 0.616117 0.248622 
926. 0.420513 0.363614 0.978861 
927. 0.147863 0.903541 0.402242 
928. 0.513431 0.791697 0.389087 
929. 0.72735 0.286081 0.733978 
930. 0.363492 0.313919 0.833606 
931. 0.178632 0.679976 0.691743 
932. 0.0363858 0.790965 0.43694 
933. 0.618559 0.22381 0.337995 
934. 0.514286 0.0214896 0.941215 
935. 0.74188 0.826496 0.75601 
936. 0.610501 0.24359 0.580137 
937. 0.377289 0.702686 0.708858 
938. 0.413187 0.721123 0.571093 
939. 0.0233211 0.288034 0.20213 
940. 0.396459 0.479976 0.569224 
941. 0.739072 0.79304 0.0126891 
942. 0.562759 0.400244 0.0793015 
943. 0.565812 0.0166056 0.929689 
944. 0.617705 0.411355 0.898767 
945. 0.499756 0.96105 0.00956713 
946. 0.494872 0.679365 0.957613 
947. 0.411844 0.739072 0.483142 
948. 0.0004884 0.813553 0.602357 
949. 0.00830281 0.14359 0.209 
950. 0.141148 0.203663 0.922851 
951. 0.399267 0.30928 0.542837 
952. 0.786813 0.285592 0.689154 
953. 0.374237 0.272405 0.656976 
954. 0.361294 0.151648 0.874719 
955. 0.14127 0.888645 0.304584 
956. 0.401343 0.525641 0.0651289 
957. 0.8221 0.674115 0.657732 
958. 0.974115 0.292796 0.563965 
959. 0.557998 0.884737 0.704264 
960. 0.48486 0.193529 0.759289 
961. 0.241636 0.447985 0.0190369 
962. 0.107326 0.0741148 0.871119 
963. 0.82442 0.299023 0.0314068 
964. 0.013431 0.413919 0.51585 
965. 0.228327 0.178877 0.103189 
966. 0.881197 0.202686 0.523247 
967. 0.978632 0.226252 0.79546 
968. 0.634799 0.22906 0.0383744 
969. 0.790354 0.467766 0.51427 
970. 0.434432 0.755311 0.158736 
971. 0.384493 0.193651 0.889144 
972. 0.535653 0.458364 0.271044 
973. 0.105006 0.956288 0.0398029 
974. 0.784982 0.274603 0.988984 
975. 0.343101 0.338462 0.169473 
976. 0.832112 0.765812 0.73134 
977. 0.1442 0.0860806 0.63503 
978. 0.45116 0.315995 0.23896 
979. 0.668864 0.85641 0.182077 
980. 0.369353 0.786081 0.64142 
981. 0.278266 0.808791 0.448341 
982. 0.730037 0.73895 0.354133 
983. 0.409158 0.803175 0.373495 
984. 0.954945 0.261538 0.184022 
985. 0.232112 0.228083 0.628557 
986. 0.945543 0.384737 0.125691 
987. 0.0722833 0.698779 0.385472 
988. 0.228694 0.389011 0.15153 
989. 0.887424 0.0619048 0.38288 
990. 0.0843712 0.261294 0.522999 
991. 0.434188 0.207326 0.295692 
992. 0.380342 0.620635 0.675851 
993. 0.465079 0.747619 0.0893463 
994. 0.905495 0.539927 0.776695 
995. 0.391575 0.888278 0.580395 
996. 0.656044 0.494505 0.62443 
997. 0.151404 0.0278388 0.402417 
998. 0.573626 0.366056 0.682559 
999. 0.750549 0.110989 0.6458 
1000. 0.757875 0.432967 0.611522 
1001. 0.882418 0.797802 0.576711 
1002. 0.999389 0.805006 0.760206 
1003. 0.987668 0.417216 0.290485 
1004. 0.7884 0.459096 0.912536 
1005. 0.401221 0.0184371 0.0239211 
1006. 0.820024 0.567033 0.936183 
1007. 0.938828 0.191941 0.922995 
1008. 0.958242 0.313065 0.732287 
1009. 0.288156 0.607326 0.170839 
1010. 0.898168 0.616484 0.00121783 
1011. 0.267033 0.39475 0.1322 
1012. 0.539072 0.549695 0.675587 
1013. 0.163126 0.718437 0.780013 
1014. 0.772894 0.059707 0.248669 
1015. 0.137607 0.0744811 0.575967 
1016. 0.339072 0.330159 0.67528 
1017. 0.763614 0.0600733 0.891471 
1018. 0.979976 0.105617 0.999811 
1019. 0.657631 0.976435 0.886586 
1020. 0.178388 0.986935 0.599221 
1021. 0.0322344 0.879365 0.949122 
1022. 0.547985 0.736996 0.19371 
1023. 0.314652 0.637118 0.923323 
1024. 0.348474 0.148474 0.384998 
1025. 0.923443 0.618803 0.612243 
1026. 0.696703 0.591941 0.0779771 
1027. 0.842613 0.308913 0.129129 
1028. 0.322711 0.254457 0.293715 
1029. 0.48547 0.626252 0.491163 
1030. 0.252015 0.224908 0.464992 
1031. 0.283761 0.114896 0.426045 
1032. 0.823443 0.765079 0.663156 
1033. 0.996947 0.0238095 0.539714 
1034. 0.946154 0.0235653 0.177265 
1035. 0.0826618 0.0028083 0.84532 
1036. 0.405128 0.238706 0.270245 
1037. 0.886447 0.287546 0.322341 
1038. 0.0677656 0.438462 0.242833 
1039. 0.151893 0.264713 0.302316 
1040. 0.581929 0.497924 0.422293 
1041. 0.891697 0.318437 0.105951 
1042. 0.157021 0.0638584 0.816652 
1043. 0.669109 0.42735 0.759917 
1044. 0.373504 0.320391 0.210148 
1045. 0.34884 0.229915 0.145596 
1046. 0.92967 0.540415 0.0121252 
1047. 0.802564 0.929792 0.382162 
1048. 0.642002 0.0227106 0.898124 
1049. 0.912821 0.930281 0.799471 
1050. 0.516117 0.0642247 0.528806 
1051. 0.773016 0.458486 0.962655 
1052. 0.139683 0.966667 0.460117 
1053. 0.374359 0.156654 0.135608 
1054. 0.36337 0.314042 0.283699 
1055. 0.176557 0.690354 0.955854 
1056. 0.0010989 0.673016 0.664373 
1057. 0.0186813 0.199389 0.992974 
1058. 0.317582 0.946154 0.948072 
1059. 0.398291 0.413309 0.488561 
1060. 0.770208 0.126984 0.423174 
1061. 0.0919414 0.79243 0.544202 
1062. 0.562882 0.348352 0.270438 
1063. 0.567888 0.606349 0.834055 
1064. 0.652991 0.533455 0.518 
1065. 0.0995116 0.338217 0.531597 
1066. 0.691575 0.745055 0.00717219 
1067. 0.755433 0.321978 0.0396514 
1068. 0.840904 0.364835 0.331837 
1069. 0.293651 0.00720391 0.503594 
1070. 0.991575 0.612332 0.438596 
1071. 0.854823 0.0418803 0.435353 
1072. 0.530281 0.559463 0.725151 
1073. 0.0136752 0.548596 0.304264 
1074. 0.232479 0.625031 0.324181 
1075. 0.95177 0.121123 0.198131 
1076. 0.178144 0.294261 0.866026 
1077. 0.028083 0.00915751 0.63381 
1078. 0.477411 0.778388 0.495671 
1079. 0.115018 0.154945 0.475428 
1080. 0.955189 0.168742 0.360483 
1081. 0.236264 0.341392 0.971038 
1082. 0.0159951 0.0147741 0.374163 
1083. 0.271917 0.255678 0.485596 
1084. 0.6221 0.730037 0.890161 
1085. 0.574481 0.0455433 0.0834848 
1086. 0.765079 0.870818 0.47498 
1087. 0.0047619 0.0105006 0.726708 
1088. 0.0809524 0.892552 0.948959 
1089. 0.376068 0.857753 0.16175 
1090. 0.39243 0.900244 0.51436 
1091. 0.670574 0.511477 0.98031 
1092. 0.398413 0.47033 0.307487 
1093. 0.772283 0.97326 0.045175 
1094. 0.127228 0.717094 0.00673227 
1095. 0.162637 0.945665 0.69163 
1096. 0.764591 0.371795 0.523887 
1097. 0.996581 0.598779 0.892897 
1098. 0.939927 0.89011 0.638718 
1099. 0.976923 0.650183 0.472109 
1100. 0.605739 0.258852 0.733506 
1101. 0.296337 0.999878 0.798664 
1102. 0.0371184 0.979365 0.349355 
1103. 0.631013 0.235897 0.375822 
1104. 0.726007 0.04884 0.0418944 
1105. 0.340659 0.150916 0.435515 
1106. 0.790598 0.826374 0.462047 
1107. 0.438584 0.233211 0.592088 
1108. 0.455067 0.820635 0.751602 
1109. 0.735287 0.745543 0.400886 
1110. 0.498413 0.363492 0.354733 
1111. 0.472039 0.893162 0.71983 
1112. 0.0236874 0.909646 0.0809043 
1113. 0.402686 0.310501 0.61934 
1114. 0.844933 0.389377 0.176523 
1115. 0.362149 0.0930403 0.422515 
1116. 0.1558 0.90757 0.37322 
1117. 0.648352 0.134066 0.0435864 
1118. 0.0206349 0.394261 0.516685 
1119. 0.350794 0.508181 0.79266 
1120. 0.962882 0.19011 0.203826 
1121. 0.367033 0.157387 0.297316 
1122. 0.238828 0.376313 0.254259 
1123. 0.0595849 0.982784 0.841788 
1124. 0.0128205 0.526496 0.260822 
1125. 0.217949 0.746764 0.769628 
1126. 0.704762 0.467277 0.0706456 
1127. 0.979609 0.713797 0.270263 
1128. 0.651404 0.665446 0.960464 
1129. 0.0725275 0.556044 0.880088 
1130. 0.232845 0.257998 0.615168 
1131. 0.957998 0.927228 0.232191 
1132. 0.284005 0.804884 0.0819544 
1133. 0.827595 0.406838 0.631697 
1134. 0.0673993 0.577045 0.212113 
1135. 0.145665 0.0428571 0.380578 
1136. 0.476068 0.642491 0.53253 
1137. 0.0921856 0.605128 0.700743 
1138. 0.567033 0.42967 0.994098 
1139. 0.638462 0.517582 0.128452 
1140. 0.852625 0.989255 0.867966 
1141. 0.492918 0.0764347 0.842179 
1142. 0.378632 0.496215 0.651778 
1143. 0.43602 0.173138 0.0552055 
1144. 0.411477 0.715018 0.656949 
1145. 0.994383 0.769231 0.613066 
1146. 0.902564 0.376679 0.666459 
1147. 0.341758 0.0137973 0.381935 
1148. 0.80928 0.17265 0.654075 
1149. 0.756166 0.673504 0.560406 
1150. 0.853358 0.240904 0.768658 
1151. 0.505372 0.474359 0.737918 
1152. 0.590354 0.315629 0.610264 
1153. 0.0347985 0.825275 0.97337 
1154. 0.591575 0.139805 0.974986 
1155. 0.0555556 0.882051 0.106415 
1156. 0.944444 0.965324 0.928169 
1157. 0.053602 0.0424908 0.170456 
1158. 0.911233 0.611355 0.427355 
1159. 0.489133 0.958974 0.590572 
1160. 0.314286 0.50293 0.018467 
1161. 0.342247 0.743956 0.384161 
1162. 0.817582 0.228571 0.887542 
1163. 0.897314 0.426252 0.569062 
1164. 0.252503 0.226984 0.499365 
1165. 0.292063 0.291331 0.464183 
1166. 0.964591 0.760195 0.597022 
1167. 0.396093 0.608791 0.105676 
1168. 0.732845 0.741026 0.868934 
1169. 0.456899 0.979609 0.154712 
1170. 0.766422 0.256654 0.168416 
1171. 0.0275946 0.813065 0.638986 
1172. 0.469109 0.102076 0.79869 
1173. 0.973993 0.675458 0.509945 
1174. 0.555922 0.40696 0.401772 
1175. 0.449573 0.587424 0.635956 
1176. 0.64188 0.925031 0.561219 
1177. 0.910745 0.618071 0.211331 
1178. 0.48083 0.52967 0.341944 
1179. 0.173138 0.0164835 0.774984 
1180. 0.943101 0.400977 0.413772 
1181. 0.0307692 0.0788767 0.765703 
1182. 0.523077 0.703785 0.56701 
1183. 0.891331 0.81453 0.840832 
1184. 0.150794 0.226618 0.612521 
1185. 0.563248 0.260195 0.401149 
1186. 0.574115 0.113919 0.149228 
1187. 0.758852 0.682051 0.425864 
1188. 0.899023 0.967399 0.517611 
1189. 0.281563 0.218926 0.314438 
1190. 0.786081 0.606471 0.106073 
1191. 0.361783 0.543834 0.12842 
1192. 0.149573 0.220269 0.0262618 
1193. 0.542491 0.720635 0.816994 
1194. 0.221245 0.24652 0.620809 
1195. 0.760806 0.95177 0.594754 
1196. 0.932234 0.89072 0.725038 
1197. 0.846154 0.702076 0.0575119 
1198. 0.382906 0.669231 0.0728042 
1199. 0.508669 0.877778 0.172525 
1200. 0.646398 0.602076 0.489753 
1201. 0.987546 0.170208 0.896691 
1202. 0.786325 0.465934 0.788621 
1203. 0.365934 0.599634 0.73527 
1204. 0.220147 0.962759 0.205346 
1205. 0.742125 0.824664 0.336067 
1206. 0.614652 0.0879121 0.145157 
1207. 0.447863 0.471673 0.433894 
1208. 0.612821 0.0873016 0.365137 
1209. 0.416728 0.41978 0.625798 
1210. 0.0835165 0.677045 0.475111 
1211. 0.419658 0.54188 0.890735 
1212. 0.133333 0.0542125 0.184466 
1213. 0.266422 0.60757 0.453326 
1214. 0.528694 0.637241 0.328822 
1215. 0.986813 0.158852 0.416606 
1216. 0.773871 0.500855 0.378164 
1217. 0.154212 0.567521 0.620452 
1218. 0.621368 0.233455 0.714499 
1219. 0.562027 0.841392 0.65841 
1220. 0.553358 0.509646 0.814201 
1221. 0.405983 0.314652 0.264333 
1222. 0.900977 0.742247 0.952099 
1223. 0.314774 0.0832723 0.843829 
1224. 0.350549 0.0772894 0.095644 
1225. 0.95873 0.568864 0.896025 
1226. 0.296459 0.347619 0.536233 
1227. 0.0391941 0.544078 0.00723616 
1228. 0.6663 0.241026 0.330696 
1229. 0.325763 0.484737 0.929491 
1230. 0.537363 0.19768 0.0402942 
1231. 0.134066 0.800855 0.630952 
1232. 0.278877 0.0643468 0.250804 
1233. 0.740415 0.468864 0.794027 
1234. 0.585592 0.848718 0.534519 
1235. 0.953968 0.132234 0.00743883 
1236. 0.215507 0.238584 0.891016 
1237. 0.663248 0.277167 0.120756 
1238. 0.273871 0.55641 0.359804 
1239. 0.655311 0.289133 0.809102 
1240. 0.13895 0.573382 0.0371846 
1241. 0.361905 0.731624 0.974935 
1242. 0.151648 0.180464 0.373145 
1243. 0.577778 0.337607 0.861887 
1244. 0.821123 0.693162 0.825404 
1245. 0.957509 0.911722 0.525967 
1246. 0.275702 0.486935 0.546016 
1247. 0.686447 0.384493 0.360165 
1248. 0.668254 0.678022 0.590546 
1249. 0.358974 0.624908 0.80939 
1250. 0.101832 0.110745 0.140888 
1251. 0.731013 0.41221 0.153398 
1252. 0.425763 0.0335775 0.822305 
1253. 0.237118 0.853846 0.662029 
1254. 0.030525 0.568132 0.701749 
1255. 0.518926 0.285348 0.82425 
1256. 0.820757 0.251648 0.862664 
1257. 0.951282 0.387546 0.392372 
1258. 0.169841 0.937485 0.58965 
1259. 0.887057 0.676557 0.660881 
1260. 0.0781441 0.500366 0.372858 
1261. 0.328327 0.526007 0.160364 
1262. 0.580952 0.70525 0.651387 
1263. 0.875092 0.939072 0.923424 
1264. 0.874847 0.811477 0.199148 
1265. 0.870696 0.967277 0.0347384 
1266. 0.800122 0.208547 0.796219 
1267. 0.600488 0.72442 0.315009 
1268. 0.207082 0.568254 0.365751 
1269. 0.520024 0.295726 0.161358 
1270. 0.839438 0.1337 0.0602973 
1271. 0.268742 0.363126 0.646178 
1272. 0.568132 0.862027 0.47465 
1273. 0.657143 0.26337 0.0342486 
1274. 0.170085 0.383761 0.47093 
1275. 0.891209 0.615751 0.342864 
1276. 0.148718 0.332479 0.127229 
1277. 0.527961 0.257265 0.0615629 
1278. 0.974359 0.864957 0.115504 
1279. 0.562149 0.512454 0.658651 
1280. 0.555433 0.553358 0.392777 
1281. 0.44127 0.0296703 0.209495 
1282. 0.500733 0.521734 0.868643 
1283. 0.511477 0.342002 0.310982 
1284. 0.694139 0.0666667 0.894948 
1285. 0.799023 0.666056 0.177827 
1286. 0.581807 0.607937 0.371773 
1287. 0.889621 0.668376 0.105278 
1288. 0.121734 0.805128 0.366007 
1289. 0.0692308 0.427595 0.0842721 
1290. 0.176801 0.341148 0.304225 
1291. 0.00525031 0.994139 0.181766 
1292. 0.0892552 0.491575 0.459345 
1293. 0.517216 0.778877 0.779437 
1294. 0.791697 0.196459 0.426952 
1295. 0.457265 0.69707 0.340989 
1296. 0.77265 0.243712 0.463728 
1297. 0.133455 0.713065 0.910173 
1298. 0.268498 0.603175 0.423377 
1299. 0.56398 0.263614 0.887957 
1300. 0.586569 0.404518 0.610303 
1301. 0.970574 0.379853 0.258592 
1302. 0.497802 0.283639 0.922888 
1303. 0.461661 0.106349 0.895675 
1304. 0.847375 0.0385836 0.756175 
1305. 0.403663 0.279243 0.327888 
1306. 0.861538 0.732845 0.429889 
1307. 0.644444 0.284249 0.478433 
1308. 0.954335 0.158242 0.481716 
1309. 0.221734 0.448962 0.147739 
1310. 0.769109 0.157143 0.450849 
1311. 0.0732601 0.355556 0.78783 
1312. 0.245299 0.218559 0.324988 
1313. 0.169597 0.575336 0.730003 
1314. 0.882906 0.89768 0.351227 
1315. 0.00757021 0.293529 0.705192 
1316. 0.128694 0.947009 0.201293 
1317. 0.187546 0.485958 0.361872 
1318. 0.187912 0.301465 0.0898504 
1319. 0.194139 0.62149 0.283086 
1320. 0.3 0.820269 0.21298 
1321. 0.0993895 0.714408 0.874727 
1322. 0.689499 0.717338 0.799244 
1323. 0.720147 0.966422 0.260466 
1324. 0.241026 0.135897 0.506117 
1325. 0.0969475 0.549939 0.097439 
1326. 0.647985 0.739194 0.203909 
1327. 0.0144078 0.823932 0.480097 
1328. 0.244933 0.025641 0.614966 
1329. 0.16337 0.179243 0.96522 
1330. 0.777045 0.233822 0.440889 
1331. 0.208181 0.872527 0.330681 
1332. 0.538706 0.1558 0.864048 
1333. 0.156899 0.241392 0.225191 
1334. 0.667033 0.515873 0.449538 
1335. 0.338217 0.843956 0.589007 
1336. 0.749084 0.727595 0.130423 
1337. 0.732967 0.838095 0.131674 
1338. 0.458974 0.229426 0.430468 
1339. 0.801709 0.498901 0.212692 
1340. 0.627473 0.401465 0.34973 
1341. 0.665812 0.120391 0.726119 
1342. 0.31746 0.23199 0.857168 
1343. 0.396215 0.71685 0.900828 
1344. 0.734921 0.924908 0.140807 
1345. 0.492186 0.607692 0.54174 
1346. 0.366178 0.647619 0.787759 
1347. 0.224298 0.0409035 0.0866158 
1348. 0.812698 0.476435 0.72346 
1349. 0.814286 0.492063 0.694425 
1350. 0.84127 0.820391 0.299806 
1351. 0.299878 0.724786 0.407857 
1352. 0.0973138 0.599389 0.45227 
1353. 0.654212 0.942002 0.322808 
1354. 0.120269 0.0604396 0.526536 
1355. 0.0443223 0.136752 0.903069 
1356. 0.75348 0.622589 0.482839 
1357. 0.807692 0.913675 0.877114 
1358. 0.729182 0.652991 0.00731497 
1359. 0.394628 0.497558 0.745905 
1360. 0.707937 0.287302 0.736722 
1361. 0.0334554 0.417705 0.333013 
1362. 0.568742 0.500611 0.753405 
1363. 0.667521 0.546764 0.949671 
1364. 0.34652 0.469353 0.269275 
1365. 0.890232 0.890232 0.427867 
1366. 0.132112 0.660562 0.236403 
1367. 0.245665 0.140904 0.774116 
1368. 0.175824 0.975458 0.182912 
1369. 0.988767 0.903907 0.551982 
1370. 0.807082 0.822833 0.938599 
1371. 0.718803 0.932357 0.369863 
1372. 0.218193 0.240659 0.651191 
1373. 0.708913 0.453602 0.671342 
1374. 0.0500611 0.551526 0.533684 
1375. 0.851038 0.874115 0.0288747 
1376. 0.465934 0.29072 0.977685 
1377. 0.920024 0.708303 0.199078 
1378. 0.638584 0.198413 0.460192 
1379. 0.854701 0.863126 0.393972 
1380. 0.528205 0.356777 0.117272 
1381. 0.97851 0.322344 0.716613 
1382. 0.632723 0.395971 0.525126 
1383. 0.755067 0.65348 0.544578 
1384. 0.834676 0.539072 0.214803 
1385. 0.18779 0.815629 0.0289157 
1386. 0.192063 0.320024 0.224458 
1387. 0.264713 0.198779 0.131485 
1388. 0.499634 0.894261 0.280208 
1389. 0.492796 0.0029304 0.233789 
1390. 0.376557 0.249084 0.039815 
1391. 0.400733 0.169597 0.544486 
1392. 0.811722 0.414042 0.290653 
1393. 0.79768 0.189255 0.179982 
1394. 0.558974 0.0847375 0.66888 
1395. 0.501465 0.201832 0.456024 
1396. 0.523932 0.153602 0.199722 
1397. 0.905861 0.0545788 0.896275 
1398. 0.397802 0.638706 0.70774 
1399. 0.761905 0.283394 0.910108 
1400. 0.950916 0.0855922 0.695124 
1401. 0.163614 0.274481 0.730432 
1402. 0.781197 0.328083 0.341587 
1403. 0.278755 0.883761 0.362917 
1404. 0.738339 0.110501 0.218994 
1405. 0.550305 0.391453 0.860229 
1406. 0.35409 0.269475 0.404402 
1407. 0.0188034 0.902686 0.208743 
1408. 0.319658 0.719048 0.145793 
1409. 0.433578 0.1116 0.775142 
1410. 0.369963 0.48486 0.484513 
1411. 0.288645 0.208059 0.825351 
1412. 0.906471 0.682906 0.406612 
1413. 0.408181 0.0399267 0.888963 
1414. 0.938339 0.393407 0.403212 
1415. 0.949939 0.435531 0.429883 
1416. 0.147009 0.0156288 0.48074 
1417. 0.498901 0.328327 0.961752 
1418. 0.480342 0.904518 0.0648372 
1419. 0.164835 0.874725 0.589578 
1420. 0.801954 0.342613 0.115237 
1421. 0.631624 0.118559 0.886754 
1422. 0.736386 0.0763126 0.00266054 
1423. 0.517094 0.485836 0.63844 
1424. 0.789621 0.291087 0.607069 
1425. 0.421978 0.739438 0.975592 
1426. 0.172772 0.844689 0.199488 
1427. 0.936874 0.789866 0.725307 
1428. 0.925031 0.130403 0.0569752 
1429. 0.723687 0.082906 0.846638 
1430. 0.301221 0.0461538 0.887536 
1431. 0.120147 0.922711 0.568118 
1432. 0.0422466 0.420879 0.73981 
1433. 0.718193 0.770452 0.823065 
1434. 0.207814 0.480464 0.862015 
1435. 0.532479 0.834554 0.475646 
1436. 0.0510379 0.928571 0.458069 
1437. 0.867643 0.919048 0.681655 
1438. 0.74823 0.109524 0.483557 
1439. 0.718437 0.308425 0.31509 
1440. 0.211966 0.212943 0.894709 
1441. 0.603053 0.0979243 0.047391 
1442. 0.250672 0.322589 0.922234 
1443. 0.260928 0.416728 0.498222 
1444. 0.435287 0.417582 0.29177 
1445. 0.399023 0.490232 0.38311 
1446. 0.782662 0.664713 0.0310215 
1447. 0.303663 0.493773 0.134675 
1448. 0.161661 0.96569 0.568776 
1449. 0.747985 0.0736264 0.755315 
1450. 0.714286 0.257509 0.947151 
1451. 0.141392 0.885714 0.841257 
1452. 0.403419 0.276557 0.75196 
1453. 0.857387 0.504518 0.138785 
1454. 0.573871 0.878877 0.175844 
1455. 0.754701 0.695482 0.120477 
1456. 0.828449 0.108791 0.71076 
1457. 0.0819292 0.246154 0.977715 
1458. 0.392674 0.920635 0.842029 
1459. 0.674725 0.244444 0.642095 
1460. 0.468987 0.775336 0.360002 
1461. 0.971917 0.895604 0.537266 
1462. 0.520635 0.117094 0.548772 
1463. 0.849817 0.951893 0.724515 
1464. 0.445177 0.901099 0.202088 
1465. 0.567155 0.584127 0.659132 
1466. 0.640537 0.644811 0.159355 
1467. 0.887912 0.80232 0.189367 
1468. 0.092674 0.188889 0.522322 
1469. 0.575336 0.053602 0.771462 
1470. 0.779609 0.555678 0.502113 
1471. 0.25177 0.226862 0.806819 
1472. 0.279609 0.280952 0.0546866 
1473. 0.752869 0.878144 0.929277 
1474. 0.797314 0.633211 0.458711 
1475. 0.552747 0.816484 0.180549 
1476. 0.395604 0.392674 0.778658 
1477. 0.724542 0.37326 0.861617 
1478. 0.315751 0.723321 0.215519 
1479. 0.367155 0.474847 0.0943262 
1480. 0.240904 0.357143 0.2658 
1481. 0.0948718 0.35348 0.568209 
1482. 0.612698 0.0421245 0.058374 
1483. 0.414652 0.58022 0.385727 
1484. 0.0482295 0.312698 0.914479 
1485. 0.819902 0.57619 0.432488 
1486. 0.936752 0.97033 0.427328 
1487. 0.922955 0.46801 0.00376402 
1488. 0.6884 0.776068 0.260509 
1489. 0.701465 0.957875 0.849288 
1490. 0.923565 0.409524 0.959344 
1491. 0.698779 0.805372 0.402187 
1492. 0.8779 0.448352 0.2992 
1493. 0.922589 0.10525 0.282376 
1494. 0.682173 0.945299 0.978136 
1495. 0.595604 0.340659 0.454121 
1496. 0.124054 0.952625 0.275631 
1497. 0.108669 0.96337 0.594233 
1498. 0.847253 0.876557 0.168416 
1499. 0.401587 0.498291 0.664797 
1500. 0.826252 0.349573 0.740197 
1501. 0.0445665 0.710134 0.818561 
1502. 0.757631 0.35409 0.837861 
1503. 0.878266 0.0940171 0.110897 
1504. 0.928816 0.990598 0.861892 
1505. 0.788034 0.190598 0.311013 
1506. 0.394994 0.198901 0.857184 
1507. 0.714164 0.90464 0.824928 
1508. 0.139316 0.885104 0.677872 
1509. 0.368132 0.224664 0.130438 
1510. 0.257509 0.0941392 0.00570188 
1511. 0.377167 0.000854701 0.132773 
1512. 0.411111 0.0726496 0.213675 
1513. 0.988156 0.174481 0.380961 
1514. 0.796703 0.829182 0.198391 
1515. 0.542369 0.471917 0.0931821 
1516. 0.21917 0.108059 0.993446 
1517. 0.725519 0.183883 0.17153 
1518. 0.332357 0.628205 0.536958 
1519. 0.649451 0.390965 0.000615063 
1520. 0.0393162 0.227961 0.910942 
1521. 0.668376 0.374359 0.812038 
1522. 0.36105 0.816728 0.5987 
1523. 0.137118 0.413431 0.471419 
1524. 0.330769 0.137363 0.249124 
1525. 0.622466 0.674481 0.0748926 
1526. 0.580708 0.323932 0.020106 
1527. 0.87094 0.530891 0.629735 
1528. 0.804274 0.120269 0.254139 
1529. 0.671062 0.221612 0.064547 
1530. 0.406716 0.834799 0.425658 
1531. 0.913431 0.949328 0.195806 
1532. 0.526496 0.68315 0.174836 
1533. 0.949451 0.0606838 0.58606 
1534. 0.138706 0.157509 0.0172379 
1535. 0.357753 0.386691 0.80587 
1536. 0.0810745 0.864835 0.989713 
1537. 0.378144 0.502076 0.981549 
1538. 0.427717 0.671306 0.343337 
1539. 0.27033 0.0540904 0.260494 
1540. 0.595116 0.597192 0.336992 
1541. 0.115751 0.755189 0.558096 
1542. 0.967643 0.183272 0.358321 
1543. 0.447985 0.576313 0.63252 
1544. 0.614896 0.980708 0.903579 
1545. 0.452015 0.350061 0.586952 
1546. 0.683394 0.751648 0.29358 
1547. 0.616361 0.882418 0.348462 
1548. 0.476923 0.996459 0.542125 
1549. 0.106716 0.688767 0.266729 
1550. 0.814042 0.538095 0.717194 
1551. 0.837118 0.732601 0.92534 
1552. 0.229304 0.263492 0.489312 
1553. 0.897802 0.394139 0.969963 
1554. 0.260806 0.497802 0.305179 
1555. 0.433211 0.308059 0.572969 
1556. 0.363736 0.181807 0.910255 
1557. 0.182784 0.45177 0.159769 
1558. 0.10696 0.395849 0.0181071 
1559. 0.818193 0.643101 0.725403 
1560. 0.907692 0.657021 0.54949 
1561. 0.428938 0.840049 0.0531797 
1562. 0.291087 0.395482 0.90222 
1563. 0.947985 0.611966 0.397895 
1564. 0.113797 0.0107448 0.0488545 
1565. 0.934432 0.913309 0.0892393 
1566. 0.883516 0.621856 0.716908 
1567. 0.0179487 0.851404 0.566985 
1568. 0.305128 0.360562 0.419652 
1569. 0.186569 0.644078 0.609322 
1570. 0.171306 0.740049 0.934174 
1571. 0.911966 0.896581 0.250651 
1572. 0.501587 0.200122 0.76304 
1573. 0.526007 0.00830281 0.389176 
1574. 0.941148 0.705739 0.0733796 
1575. 0.99768 0.980586 0.876542 
1576. 0.958608 0.339683 0.298115 
1577. 0.294383 0.869597 0.681973 
1578. 0.0039072 0.906838 0.75713 
1579. 0.0664225 0.0717949 0.42884 
1580. 0.12906 0.101832 0.0237063 
1581. 0.193773 0.654701 0.509397 
1582. 0.293773 0.642857 0.662007 
1583. 0.993651 0.636264 0.493181 
1584. 0.89011 0.0758242 0.793085 
1585. 0.130037 0.444322 0.32857 
1586. 0.210379 0.762882 0.882557 
1587. 0.576068 0.837118 0.376709 
1588. 0.792063 0.146398 0.204982 
1589. 0.463492 0.442369 0.502871 
1590. 0.87851 0.596825 0.965197 
1591. 0.932967 0.724054 0.358527 
1592. 0.858608 0.537118 0.357826 
1593. 0.594628 0.649573 0.179517 
1594. 0.107448 0.20696 0.00677809 
1595. 0.826496 0.589499 0.437246 
1596. 0.0487179 0.101343 0.0276472 
1597. 0.828205 0.613187 0.925688 
1598. 0.0777778 0.11453 0.965213 
1599. 0.3221 0.733944 0.508362 
1600. 0.475092 0.377656 0.511694 
1601. 0.07558 0.0968254 0.31429 
1602. 0.284737 0.229182 0.717409 
1603. 0.840049 0.478144 0.334642 
1604. 0.279121 0.637363 0.61436 
1605. 0.744567 0.169231 0.53847 
1606. 0.656166 0.382906 0.360198 
1607. 0.15348 0.543101 0.478693 
1608. 0.608913 0.157998 0.918069 
1609. 0.350305 0.428205 0.913021 
1610. 0.954579 0.39304 0.941842 
1611. 0.225885 0.404396 0.716132 
1612. 0.839683 0.369475 0.854514 
1613. 0.272894 0.401587 0.630503 
1614. 0.638706 0.130769 0.584718 
1615. 0.856777 0.114042 0.868258 
1616. 0.563492 0.69243 0.888774 
1617. 0.578266 0.849451 0.206634 
1618. 0.829426 0.194505 0.859636 
1619. 0.0985348 0.531013 0.386807 
1620. 0.674969 0.130647 0.689011 
1621. 0.473138 0.103663 0.916542 
1622. 0.0423687 0.810379 0.801553 
1623. 0.720269 0.873871 0.125097 
1624. 0.243101 0.269963 0.983705 
1625. 0.132234 0.9442 0.0377752 
1626. 0.247741 0.247253 0.543883 
1627. 0.211111 0.0139194 0.423309 
1628. 0.588523 0.183028 0.672394 
1629. 0.003663 0.555556 0.476825 
1630. 0.0622711 0.216484 0.997163 
1631. 0.058486 0.398901 0.628886 
1632. 0.994261 0.902564 0.222986 
1633. 0.900488 0.708669 0.427417 
1634. 0.306471 0.229548 0.669608 
1635. 0.209402 0.50928 0.347842 
1636. 0.559463 0.283516 0.494564 
1637. 0.509768 0.0959707 0.245108 
1638. 0.665079 0.156532 0.990806 
1639. 0.305006 0.303663 0.314019 
1640. 0.184493 0.808303 0.0291704 
1641. 0.13602 0.697436 0.468951 
1642. 0.312088 0.274847 0.240553 
1643. 0.304884 0.359219 0.868604 
1644. 0.182418 0.529915 0.391211 
1645. 0.100733 0.0372405 0.344952 
1646. 0.712332 0.165079 0.731404 
1647. 0.108181 0.0300366 0.0703644 
1648. 0.83895 0.552869 0.935312 
1649. 0.26044 0.988278 0.757253 
1650. 0.426984 0.993529 0.0171253 
1651. 0.257875 0.439683 0.958782 
1652. 0.383394 0.368498 0.686049 
1653. 0.516972 0.318559 0.370541 
1654. 0.787546 0.0742369 0.16129 
1655. 0.386691 0.309402 0.0185 
1656. 0.573016 0.295971 0.900466 
1657. 0.740171 0.154457 0.704512 
1658. 0.581441 0.127228 0.449708 
1659. 0.883394 0.813187 0.943733 
1660. 0.015873 0.112454 0.813302 
1661. 0.269841 0.557509 0.0749416 
1662. 0.586813 0.38254 0.635215 
1663. 0.974725 0.511966 0.050843 
1664. 0.568376 0.511844 0.465273 
1665. 0.661294 0.501465 0.347884 
1666. 0.240659 0.619414 0.152399 
1667. 0.0907204 0.643834 0.0241501 
1668. 0.542125 0.719292 0.184364 
1669. 0.215018 0.132357 0.118319 
1670. 0.654945 0.248962 0.154585 
1671. 0.132723 0.159219 0.860521 
1672. 0.256044 0.53199 0.275227 
1673. 0.352259 0.213675 0.339001 
1674. 0.98779 0.160195 0.186747 
1675. 0.790476 0.615018 0.784261 
1676. 0.436508 0.270208 0.996972 
1677. 0.41978 0.964957 0.672578 
1678. 0.135409 0.0113553 0.330618 
1679. 0.301709 0.965201 0.154267 
1680. 0.128449 0.0321123 0.907772 
1681. 0.183394 0.729304 0.415077 
1682. 0.117338 0.983394 0.980085 
1683. 0.994628 0.578388 0.437342 
1684. 0.906716 0.157021 0.0974475 
1685. 0.412332 0.345177 0.747151 
1686. 0.00879121 0.336508 0.202109 
1687. 0.149451 0.599756 0.542168 
1688. 0.540415 0.973138 0.842728 
1689. 0.185958 0.706716 0.233272 
1690. 0.160928 0.0634921 0.0838546 
1691. 0.735531 0.396215 0.606893 
1692. 0.502564 0.674237 0.766077 
1693. 0.542613 0.303175 0.606212 
1694. 0.223321 0.766789 0.476321 
1695. 0.796093 0.169109 0.474009 
1696. 0.53199 0.372527 0.115853 
1697. 0.042735 0.66105 0.826136 
1698. 0.726496 0.182418 0.375468 
1699. 0.348962 0.503663 0.683167 
1700. 0.931746 0.806227 0.81435 
1701. 0.837851 0.521001 0.86278 
1702. 0.241758 0.279731 0.916047 
1703. 0.109402 0.774359 0.020901 
1704. 0.859707 0.812576 0.962604 
1705. 0.613309 0.0605617 0.770958 
1706. 0.425031 0.147131 0.569283 
1707. 0.224664 0.50464 0.994025 
1708. 0.818926 0.889255 0.455868 
1709. 0.920147 0.577534 0.328414 
1710. 0.640659 0.0843712 0.464638 
1711. 0.889988 0.170696 0.774233 
1712. 0.127961 0.507448 0.566389 
1713. 0.175092 0.127839 0.0384429 
1714. 0.976313 0.865079 0.237245 
1715. 0.59536 0.522833 0.648717 
1716. 0.119902 0.435409 0.340052 
1717. 0.0380952 0.00525031 0.755831 
1718. 0.647619 0.446276 0.896928 
1719. 0.00818071 0.928938 0.327859 
1720. 0.139072 0.950183 0.785129 
1721. 0.36398 0.7558 0.176121 
1722. 0.186935 0.235165 0.245946 
1723. 0.177534 0.986691 0.575599 
1724. 0.0177045 0.858608 0.711787 
1725. 0.300977 0.972894 0.446811 
1726. 0.115995 0.685958 0.311335 
1727. 0.971795 0.299389 0.756759 
1728. 0.518559 0.445055 0.0146309 
1729. 0.81453 0.825153 0.112566 
1730. 0.845421 0.129426 0.976536 
1731. 0.370452 1 0.538443 
1732. 0.296947 0.989744 0.493211 
1733. 0.0474969 0.117949 0.0862884 
1734. 0.807448 0.02442 0.729354 
1735. 0.725031 0.0754579 0.0249858 
1736. 0.324054 0.413187 0.15748 
1737. 0.508303 0.116606 0.407095 
1738. 0.640171 0.910379 0.558517 
1739. 0.881685 0.372772 0.37161 
1740. 0.986935 0.681807 0.384912 
1741. 0.775946 0.946642 0.0785363 
1742. 0.189499 0.454823 0.468571 
1743. 0.221123 0.655311 0.563133 
1744. 0.75873 0.69475 0.335665 
1745. 0.896947 0.0465201 0.108006 
1746. 0.246276 0.953846 0.579986 
1747. 0.186203 0.067033 0.62135 
1748. 0.165079 0.697192 0.58571 
1749. 0.806105 0.25409 0.962277 
1750. 0.702198 0.595116 0.66357 
1751. 0.93602 0.578755 0.900881 
1752. 0.910501 0.188156 0.869421 
1753. 0.476679 0.991453 0.639024 
1754. 0.102564 0.263248 0.721967 
1755. 0.743468 0.373382 0.323976 
1756. 0.637485 0.7337 0.524707 
1757. 0.83602 0.356899 0.457066 
1758. 0.210623 0.332723 0.358517 
1759. 0.58022 0.278022 0.125526 
1760. 0.862637 0.62906 0.538356 
1761. 0.663126 0.463614 0.108895 
1762. 0.271795 0.402442 0.606932 
1763. 0.620024 0.203419 0.599878 
1764. 0.539194 0.288523 0.683844 
1765. 0.165201 0.52149 0.530826 
1766. 0.808181 0.321245 0.988381 
1767. 0.737485 0.302564 0.343228 
1768. 0.535775 0.714896 0.233399 
1769. 0.107082 0.758852 0.446725 
1770. 0.820269 0.494628 0.41859 
1771. 0.942979 0.0382173 0.144914 
1772. 0.0286935 0.248107 0.641164 
1773. 0.48779 0.086569 0.317543 
1774. 0.291453 0.357509 0.15627 
1775. 0.954212 0.384615 0.173381 
1776. 0.219658 0.6884 0.506638 
1777. 0.733822 0.50696 0.252174 
1778. 0.473504 0.0863248 0.279647 
1779. 0.0485958 0.336752 0.862705 
1780. 0.826129 0.620513 0.160775 
1781. 0.0424908 0.737241 0.077577 
1782. 0.722344 0.657875 0.699846 
1783. 0.278388 0.912698 0.0597067 
1784. 0.732112 0.569963 0.964774 
1785. 0.444444 0.441026 0.628471 
1786. 0.554701 0.482662 0.127288 
1787. 0.428816 0.0212454 0.752578 
1788. 0.289011 0.805739 0.0723376 
1789. 0.912698 0.479487 0.937449 
1790. 0.514042 0.751526 0.787544 
1791. 0.737729 0.872039 0.297077 
1792. 0.539927 0.114286 0.685706 
1793. 0.177656 0.713187 0.553576 
1794. 0.0197802 0.613553 0.715929 
1795. 0.336264 0.145665 0.824654 
1796. 0.715873 0.380098 0.655685 
1797. 0.168376 0.304396 0.764998 
1798. 0.862149 0.870574 0.0135657 
1799. 0.654823 0.989866 0.585904 
1800. 0.130647 0.128327 0.682748 
1801. 0.220757 0.906593 0.798837 
1802. 0.752503 0.0510379 0.733716 
1803. 0.791087 0.337729 0.492681 
1804. 0.446886 0.703541 0.0914029 
1805. 0.596215 0.793773 0.766296 
1806. 0.134432 0.462515 0.0767439 
1807. 0.285104 0.309035 0.635732 
1808. 0.846276 0.264835 0.837288 
1809. 0.384982 0.508303 0.288857 
1810. 0.543956 0.200488 0.594129 
1811. 0.246154 0.0394383 0.0735054 
1812. 0.184127 0.351893 0.388081 
1813. 0.129792 0.907326 0.051448 
1814. 0.206227 0.113309 0.856576 
1815. 0.505495 0.630159 0.502692 
1816. 0.59243 0.557021 0.843382 
1817. 0.0700855 0.341026 0.0698325 
1818. 0.191331 0.983761 0.736929 
1819. 0.252259 0.609524 0.548844 
1820. 0.287912 0.803297 0.170436 
1821. 0.894017 0.271917 0.312024 
1822. 0.196459 0.110134 0.248943 
1823. 0.339438 0.360317 0.99697 
1824. 0.769841 0.623321 0.0297792 
1825. 0.0857143 0.975946 0.669985 
1826. 0.457021 0.945421 0.475313 
1827. 0.768498 0.351038 0.754241 
1828. 0.0628816 0.834676 0.443395 
1829. 0.0688645 0.93895 0.848131 
1830. 0.170574 0.801099 0.384792 
1831. 0.899512 0.0851038 0.826116 
1832. 0.289866 0.232967 0.745992 
1833. 0.927228 0.799878 0.0252892 
1834. 0.76105 0.981441 0.00654702 
1835. 0.936386 0.412332 0.907901 
1836. 0.916728 0.043956 0.269063 
1837. 0.58254 0.735897 0.10819 
1838. 0.902076 0.543712 0.801093 
1839. 0.333455 0.20989 0.629216 
1840. 0.668132 0.838584 0.516442 
1841. 0.356899 0.27094 0.800686 
1842. 0.0665446 0.0271062 0.364069 
1843. 0.131136 0.303785 0.159264 
1844. 0.22906 0.818681 0.678151 
1845. 0.893651 0.579487 0.165409 
1846. 0.190232 0.250427 0.325297 
1847. 0.233578 0.283761 0.0904714 
1848. 0.970452 0.116728 0.300045 
1849. 0.495726 0.920757 0.116046 
1850. 0.426374 0.254823 0.0129033 
1851. 0.247497 0.657387 0.33715 
1852. 0.20696 0.871184 0.631499 
1853. 0.517949 0.0416361 0.193278 
1854. 0.804151 0.538706 0.166457 
1855. 0.668987 0.784493 0.573848 
1856. 0.371429 0.673871 0.797103 
1857. 0.313553 0.272039 0.0202205 
1858. 0.329792 0.120513 0.457315 
1859. 0.605861 0.242369 0.302649 
1860. 0.298413 0.598901 0.824313 
1861. 0.0724054 0.900488 0.293799 
1862. 0.230769 0.532234 0.697192 
1863. 0.922711 0.234432 0.524162 
1864. 0.684249 0.92442 0.256157 
1865. 0.630891 0.566178 0.117251 
1866. 0.723932 0.119292 0.886186 
1867. 0.305372 0.138584 0.152285 
1868. 0.19072 0.778266 0.334962 
1869. 0.24188 0.144567 0.554537 
1870. 0.111477 0.286691 0.998203 
1871. 0.894994 0.365812 0.276655 
1872. 0.213065 0.090232 0.551875 
1873. 0.621734 0.668864 0.157128 
1874. 0.568254 0.846642 0.690144 
1875. 0.659219 0.955922 0.661022 
1876. 0.205372 0.243468 0.0734442 
1877. 0.490965 0.692308 0.733986 
1878. 0.345421 0.839072 0.545466 
1879. 0.871551 0.312454 0.268063 
1880. 0.814652 0.555433 0.908754 
1881. 0.847497 0.206105 0.103719 
1882. 0.405739 0.51685 0.37463 
1883. 0.896825 0.926984 0.601613 
1884. 0.2442 0.784127 0.655563 
1885. 0.150916 0.642735 0.264517 
1886. 0.565324 0.625885 0.146675 
1887. 0.609402 0.193773 0.196163 
1888. 0.358608 0.468742 0.962347 
1889. 0.0956044 0.838339 0.751124 
1890. 0.625153 0.250183 0.132275 
1891. 0.626374 0.263004 0.343288 
1892. 0.647131 0.352625 0.941064 
1893. 1 0.969597 0.304743 
1894. 0.998046 0.405739 0.0681114 
1895. 0.964835 0.483639 0.229808 
1896. 0.400244 0.104274 0.010593 
1897. 0.803419 0.862271 0.620114 
1898. 0.656532 0.284127 0.0282054 
1899. 0.159707 0.147863 0.270339 
1900. 0.714774 0.566911 0.871799 
1901. 0.149695 0.181563 0.348787 
1902. 0.544567 0.431013 0.0703545 
1903. 0.256532 0.631746 0.860443 
1904. 0.360562 0.691941 0.169677 
1905. 0.128816 0.807937 0.503922 
1906. 0.189621 0.6663 0.203241 
1907. 0.223199 0.628694 0.146354 
1908. 0.794017 0.432479 0.0618721 
1909. 0.496703 0.756288 0.735678 
1910. 0.442979 0.276679 0.406052 
1911. 0.529792 0.514896 0.263204 
1912. 0.00537241 0.760928 0.42512 
1913. 0.0913309 0.671062 0.577469 
1914. 0.552503 0.0333333 0.0295321 
1915. 0.391453 0.833089 0.0858169 
1916. 0.653968 0.804029 0.0945407 
1917. 0.116117 0.334188 0.294795 
1918. 0.973871 0.402564 0.632371 
1919. 0.553846 0.213797 0.690139 
1920. 0.414286 0.170574 0.539424 
1921. 0.0420024 0.49707 0.0979669 
1922. 0.714042 0.245788 0.0857015 
1923. 0.137241 0.889499 0.400421 
1924. 0.332845 0.598291 0.380052 
1925. 0.657753 0.848596 0.16839 
1926. 0.180464 0.121856 0.131111 
1927. 0.0675214 0.356532 0.702239 
1928. 0.147741 0.301587 0.413584 
1929. 0.511355 0.631868 0.732898 
1930. 0.692063 0.70232 0.514768 
1931. 0.763736 0.689988 0.651315 
1932. 0.982051 0.64188 0.372168 
1933. 0.692918 0.553236 0.239886 
1934. 0.778266 0.0192918 0.162844 
1935. 0.228938 0.639683 0.548474 
1936. 0.891575 0.366422 0.402324 
1937. 0.154945 0.142125 0.892444 
1938. 0.633822 0.0791209 0.434521 
1939. 0.773748 0.724542 0.771477 
1940. 0.152137 0.578632 0.591513 
1941. 0.586081 0.177778 0.0305008 
1942. 0.962271 0.10928 0.0867659 
1943. 0.356654 0.287668 0.583682 
1944. 0.0623932 0.44884 0.645807 
1945. 0.0605617 0.146764 0.0797381 
1946. 0.0294261 0.473504 0.602312 
1947. 0.500244 0.242979 0.965808 
1948. 0.503175 0.650794 0.41738 
1949. 0.552991 0.310745 0.0772153 
1950. 0.399756 0.410134 0.13235 
1951. 0.795116 0.857265 0.87996 
1952. 0.515385 0.85873 0.316103 
1953. 0.760562 0.983272 0.611675 
1954. 0.928083 0.56801 0.70755 
1955. 0.77558 0.274969 0.310644 
1956. 0.183272 0.369597 0.996819 
1957. 0.115263 0.411966 0.378126 
1958. 0.959341 0.0128205 0.683649 
1959. 0.306838 0.0896215 0.435514 
1960. 0.215629 0.616972 0.782791 
1961. 0.665324 0.436264 0.541001 
1962. 0.309158 0.0778999 0.0882715 
1963. 0.255067 0.620757 0.560235 
1964. 0.335653 0.757998 0.942412 
1965. 0.705495 0.421978 0.954153 
1966. 0.992063 0.863858 0.0622388 
1967. 0.863126 0.419048 0.247223 
1968. 0.671429 0.614774 0.174673 
1969. 0.412943 0.249451 0.852266 
1970. 0.0191697 0.200733 0.149359 
1971. 0.325885 0.0601954 0.809565 
1972. 0.539438 0.115995 0.127409 
1973. 0.169353 0.858486 0.0135972 
1974. 0.878755 0.962515 0.833869 
1975. 0.937118 0.803907 0.977554 
1976. 0.929182 0.32381 0.54278 
1977. 0.794261 0.520513 0.130393 
1978. 0.500855 0.238217 0.620779 
1979. 0.513553 0.246032 0.472931 
1980. 0.729426 0.910256 0.0137208 
1981. 0.398779 0.362393 0.685143 
1982. 0.77851 0.799756 0.905611 
1983. 0.233089 0.971062 0.638647 
1984. 0.962149 0.530281 0.545465 
1985. 0.354579 0.0683761 0.47541 
1986. 0.0271062 0.811355 0.425651 
1987. 0.460806 0.956899 0.0179084 
1988. 0.832845 0.326496 0.650669 
1989. 0.156654 0.74884 0.576428 
1990. 0.662882 0.643712 0.0716707 
1991. 0.267643 0.708913 0.680084 
1992. 0.549451 0.250305 0.300923 
1993. 0.33956 0.273382 0.977583 
1994. 0.771917 0.234676 0.630604 
1995. 0.121001 0.945177 0.942953 
1996. 0.0567766 0.330281 0.872709 
1997. 0.965201 0.0704518 0.0576833 
1998. 0.406471 0.98779 0.639242 
1999. 0.90928 0.952015 0.820592 
2000. 0.455922 0.911477 0.983833 
