5.06972e-12 1.01075e-11 1.50813e-11 1.9968e-11 2.47269e-11 2.93365e-11 3.37614e-11 3.79821e-11 4.19647e-11 4.56915e-11 4.91354e-11 5.22755e-11 5.50933e-11 5.75717e-11 5.96971e-11 6.14535e-11 6.28311e-11 6.38205e-11 6.4416e-11 6.46159e-11 6.44165e-11 6.38205e-11 6.28311e-11 6.14544e-11 5.96967e-11 5.75731e-11 5.50942e-11 5.22764e-11 4.91354e-11 4.56901e-11 4.19647e-11 3.7979e-11 3.37614e-11 2.93356e-11 2.47287e-11 1.9968e-11 1.50848e-11 1.01075e-11 5.06972e-12 0 0 
8.11085e-12 1.6172e-11 2.413e-11 3.19478e-11 3.9563e-11 4.69385e-11 5.4019e-11 6.07701e-11 6.71436e-11 7.31051e-11 7.86171e-11 8.36406e-11 8.81499e-11 9.21156e-11 9.55156e-11 9.83249e-11 1.00529e-10 1.02113e-10 1.03066e-10 1.03386e-10 1.03067e-10 1.02113e-10 1.00529e-10 9.83267e-11 9.55147e-11 9.21174e-11 8.81508e-11 8.36424e-11 7.86162e-11 7.31042e-11 6.71427e-11 6.07665e-11 5.4019e-11 4.69367e-11 3.95648e-11 3.19496e-11 2.41371e-11 1.6172e-11 8.1144e-12 0 0 
1.11129e-11 2.21725e-11 3.30971e-11 4.3805e-11 5.42535e-11 6.43503e-11 7.40688e-11 8.33236e-11 9.20561e-11 1.00236e-10 1.07793e-10 1.14682e-10 1.20865e-10 1.26301e-10 1.30965e-10 1.34815e-10 1.37843e-10 1.40012e-10 1.41317e-10 1.41753e-10 1.41318e-10 1.4001e-10 1.37836e-10 1.34821e-10 1.30965e-10 1.26306e-10 1.20867e-10 1.14683e-10 1.07792e-10 1.00234e-10 9.20615e-11 8.332e-11 7.40723e-11 6.43574e-11 5.42446e-11 4.38032e-11 3.30918e-11 2.21725e-11 1.11164e-11 0 0 
1.40972e-11 2.80842e-11 4.19149e-11 5.54898e-11 6.87166e-11 8.15206e-11 9.38343e-11 1.05556e-10 1.16623e-10 1.26983e-10 1.36549e-10 1.45276e-10 1.53111e-10 1.60002e-10 1.65905e-10 1.70789e-10 1.74616e-10 1.77367e-10 1.79023e-10 1.79575e-10 1.7902e-10 1.77365e-10 1.74613e-10 1.70785e-10 1.65903e-10 1.59996e-10 1.53114e-10 1.45278e-10 1.36554e-10 1.26974e-10 1.16623e-10 1.05553e-10 9.38289e-11 8.15223e-11 6.87201e-11 5.54881e-11 4.19185e-11 2.80878e-11 1.40901e-11 0 0 
1.70033e-11 3.38964e-11 5.05729e-11 6.69651e-11 8.29381e-11 9.83746e-11 1.13232e-10 1.2737e-10 1.40732e-10 1.53234e-10 1.64782e-10 1.7531e-10 1.84766e-10 1.93085e-10 2.00206e-10 2.06089e-10 2.10715e-10 2.14028e-10 2.16035e-10 2.16696e-10 2.16026e-10 2.14033e-10 2.1071e-10 2.06091e-10 2.00201e-10 1.93083e-10 1.84773e-10 1.75309e-10 1.64773e-10 1.53227e-10 1.40735e-10 1.27368e-10 1.13223e-10 9.838e-11 8.29274e-11 6.69651e-11 5.05906e-11 3.38964e-11 1.69962e-11 0 0 
1.98526e-11 3.95914e-11 5.90603e-11 7.81846e-11 9.68114e-11 1.14856e-10 1.32175e-10 1.48692e-10 1.64295e-10 1.78886e-10 1.92369e-10 2.04668e-10 2.15703e-10 2.25405e-10 2.33724e-10 2.40604e-10 2.45995e-10 2.49868e-10 2.52205e-10 2.52985e-10 2.52205e-10 2.49869e-10 2.45992e-10 2.406e-10 2.33724e-10 2.25409e-10 2.15701e-10 2.04672e-10 1.92371e-10 1.78884e-10 1.64297e-10 1.48708e-10 1.32191e-10 1.14849e-10 9.68221e-11 7.81775e-11 5.90603e-11 3.95808e-11 1.98526e-11 0 0 
2.26308e-11 4.50981e-11 6.72991e-11 8.90807e-11 1.10322e-10 1.30875e-10 1.50632e-10 1.69454e-10 1.87224e-10 2.03848e-10 2.19208e-10 2.33229e-10 2.45807e-10 2.56863e-10 2.66347e-10 2.74177e-10 2.80316e-10 2.84739e-10 2.87404e-10 2.88289e-10 2.87397e-10 2.84739e-10 2.80318e-10 2.74177e-10 2.66342e-10 2.56865e-10 2.45807e-10 2.33225e-10 2.19211e-10 2.03856e-10 1.87224e-10 1.69457e-10 1.50624e-10 1.30886e-10 1.1033e-10 8.90878e-11 6.73026e-11 4.51053e-11 2.26272e-11 0 0 
2.53237e-11 5.04343e-11 7.52891e-11 9.96359e-11 1.23411e-10 1.464e-10 1.6848e-10 1.89541e-10 2.09422e-10 2.28027e-10 2.45208e-10 2.6089e-10 2.74957e-10 2.87324e-10 2.9792e-10 3.0669e-10 3.13555e-10 3.18508e-10 3.21478e-10 3.22466e-10 3.2148e-10 3.18508e-10 3.13564e-10 3.06688e-10 2.97929e-10 2.87327e-10 2.74953e-10 2.60885e-10 2.45214e-10 2.2802e-10 2.09438e-10 1.89548e-10 1.68502e-10 1.464e-10 1.23407e-10 9.96465e-11 7.52785e-11 5.0445e-11 2.53024e-11 0 0 
2.78817e-11 5.56142e-11 8.29772e-11 1.09825e-10 1.36009e-10 1.6135e-10 1.857e-10 2.0891e-10 2.30823e-10 2.51323e-10 2.70258e-10 2.87528e-10 3.03039e-10 3.16682e-10 3.28351e-10 3.38011e-10 3.45587e-10 3.51022e-10 3.54317e-10 3.55408e-10 3.54312e-10 3.51033e-10 3.45592e-10 3.38019e-10 3.28352e-10 3.16664e-10 3.03032e-10 2.87535e-10 2.70255e-10 2.51301e-10 2.30809e-10 2.08914e-10 1.857e-10 1.6135e-10 1.36016e-10 1.09825e-10 8.29736e-11 5.56e-11 2.78888e-11 0 0 
3.03686e-11 6.05453e-11 9.03384e-11 1.19559e-10 1.48081e-10 1.75682e-10 2.02192e-10 2.27459e-10 2.51315e-10 2.73637e-10 2.9425e-10 3.13058e-10 3.29948e-10 3.44802e-10 3.57513e-10 3.68029e-10 3.76277e-10 3.82199e-10 3.85784e-10 3.86969e-10 3.85771e-10 3.82208e-10 3.76282e-10 3.6804e-10 3.57515e-10 3.44789e-10 3.29948e-10 3.13065e-10 2.94257e-10 2.73623e-10 2.51312e-10 2.27445e-10 2.02192e-10 1.75675e-10 1.48091e-10 1.19581e-10 9.03349e-11 6.05347e-11 3.03473e-11 0 0 
3.27205e-11 6.52634e-11 9.73444e-11 1.28871e-10 1.59584e-10 1.89324e-10 2.17906e-10 2.45127e-10 2.70838e-10 2.94875e-10 3.17105e-10 3.37376e-10 3.55573e-10 3.71568e-10 3.85292e-10 3.96614e-10 4.05503e-10 4.11898e-10 4.15742e-10 4.17023e-10 4.15744e-10 4.11898e-10 4.05501e-10 3.9662e-10 3.85286e-10 3.71564e-10 3.55563e-10 3.37376e-10 3.17119e-10 2.94882e-10 2.70834e-10 2.45123e-10 2.17895e-10 1.89328e-10 1.59588e-10 1.28875e-10 9.73586e-11 6.52314e-11 3.27205e-11 0 0 
3.49587e-11 6.969e-11 1.03988e-10 1.37646e-10 1.70463e-10 2.02235e-10 2.3277e-10 2.61842e-10 2.89308e-10 3.14998e-10 3.38733e-10 3.60387e-10 3.79817e-10 3.96906e-10 4.11557e-10 4.23668e-10 4.33158e-10 4.39986e-10 4.44089e-10 4.45468e-10 4.44086e-10 4.39986e-10 4.33168e-10 4.23672e-10 4.11561e-10 3.96923e-10 3.7981e-10 3.60405e-10 3.38737e-10 3.14994e-10 2.89312e-10 2.61835e-10 2.3276e-10 2.02238e-10 1.70477e-10 1.37668e-10 1.03999e-10 6.96723e-11 3.49516e-11 0 0 
3.70477e-11 7.38609e-11 1.10226e-10 1.45924e-10 1.80702e-10 2.14357e-10 2.46722e-10 2.77559e-10 3.06667e-10 3.33877e-10 3.59059e-10 3.82013e-10 4.02608e-10 4.20727e-10 4.36245e-10 4.49084e-10 4.59142e-10 4.66368e-10 4.70727e-10 4.72177e-10 4.70738e-10 4.66379e-10 4.59142e-10 4.4907e-10 4.36241e-10 4.2073e-10 4.02604e-10 3.82016e-10 3.59069e-10 3.33898e-10 3.06649e-10 2.77552e-10 2.46718e-10 2.14357e-10 1.80695e-10 1.45917e-10 1.10237e-10 7.38716e-11 3.70513e-11 0 0 
3.89875e-11 7.77618e-11 1.16032e-10 1.53612e-10 1.90227e-10 2.25672e-10 2.59721e-10 2.92168e-10 3.22828e-10 3.51491e-10 3.77977e-10 4.02132e-10 4.23835e-10 4.42892e-10 4.59238e-10 4.72756e-10 4.83343e-10 4.90946e-10 4.9554e-10 4.97078e-10 4.9555e-10 4.90964e-10 4.8334e-10 4.72749e-10 4.59245e-10 4.42895e-10 4.23828e-10 4.02146e-10 3.7798e-10 3.51477e-10 3.22821e-10 2.92172e-10 2.59721e-10 2.25672e-10 1.90227e-10 1.53612e-10 1.16028e-10 7.77618e-11 3.8991e-11 0 0 
4.07994e-11 8.13571e-11 1.21396e-10 1.60689e-10 1.99027e-10 2.36106e-10 2.71722e-10 3.05683e-10 3.37742e-10 3.67717e-10 3.95438e-10 4.20723e-10 4.43411e-10 4.63348e-10 4.80448e-10 4.94584e-10 5.05679e-10 5.13634e-10 5.18433e-10 5.20039e-10 5.1844e-10 5.13619e-10 5.05668e-10 4.94577e-10 4.80448e-10 4.63348e-10 4.43414e-10 4.20727e-10 3.95438e-10 3.67709e-10 3.37732e-10 3.05672e-10 2.71712e-10 2.36096e-10 1.99019e-10 1.60703e-10 1.21407e-10 8.13536e-11 4.07923e-11 0 0 
4.24407e-11 8.46327e-11 1.26292e-10 1.67169e-10 2.07024e-10 2.45617e-10 2.82654e-10 3.17986e-10 3.51339e-10 3.82524e-10 4.11376e-10 4.37655e-10 4.61259e-10 4.82025e-10 4.99796e-10 5.14508e-10 5.2604e-10 5.34317e-10 5.39309e-10 5.40979e-10 5.39316e-10 5.34317e-10 5.26025e-10 5.145e-10 4.99806e-10 4.82014e-10 4.61263e-10 4.37677e-10 4.11362e-10 3.82535e-10 3.51339e-10 3.17996e-10 2.82654e-10 2.45599e-10 2.07024e-10 1.67173e-10 1.26288e-10 8.46221e-11 4.24407e-11 0 0 
4.39044e-11 8.75744e-11 1.30697e-10 1.72996e-10 2.14236e-10 2.54147e-10 2.92513e-10 3.29052e-10 3.63585e-10 3.95854e-10 4.257e-10 4.52903e-10 4.77336e-10 4.98812e-10 5.17218e-10 5.32417e-10 5.44368e-10 5.52937e-10 5.58103e-10 5.59833e-10 5.58106e-10 5.52937e-10 5.44365e-10 5.32438e-10 5.17211e-10 4.98812e-10 4.77332e-10 4.52911e-10 4.25697e-10 3.95861e-10 3.63571e-10 3.29056e-10 2.92509e-10 2.54147e-10 2.14232e-10 1.72978e-10 1.30676e-10 8.75744e-11 4.39222e-11 0 0 
4.52332e-11 9.01821e-11 1.34598e-10 1.78147e-10 2.20631e-10 2.61739e-10 3.01238e-10 3.38858e-10 3.74417e-10 4.07649e-10 4.38373e-10 4.664e-10 4.91564e-10 5.13676e-10 5.32623e-10 5.4828e-10 5.60579e-10 5.69404e-10 5.74733e-10 5.76502e-10 5.74722e-10 5.69404e-10 5.60583e-10 5.4829e-10 5.32626e-10 5.13676e-10 4.91557e-10 4.66407e-10 4.38384e-10 4.07653e-10 3.7441e-10 3.38861e-10 3.01235e-10 2.61704e-10 2.20624e-10 1.78144e-10 1.34577e-10 9.01821e-11 4.52509e-11 0 0 
4.63487e-11 9.24558e-11 1.37952e-10 1.82609e-10 2.26159e-10 2.68294e-10 3.08773e-10 3.47352e-10 3.83803e-10 4.17867e-10 4.49351e-10 4.78089e-10 5.03871e-10 5.26544e-10 5.45967e-10 5.62029e-10 5.74612e-10 5.83675e-10 5.89125e-10 5.90951e-10 5.89122e-10 5.83679e-10 5.74623e-10 5.62039e-10 5.45974e-10 5.26544e-10 5.03867e-10 4.78092e-10 4.49358e-10 4.17867e-10 3.838e-10 3.47359e-10 3.0877e-10 2.68287e-10 2.26141e-10 1.82613e-10 1.37952e-10 9.24523e-11 4.63558e-11 0 0 
4.73221e-11 9.43388e-11 1.40801e-10 1.86368e-10 2.30784e-10 2.73808e-10 3.15122e-10 3.54493e-10 3.91694e-10 4.26461e-10 4.58602e-10 4.87908e-10 5.1423e-10 5.37373e-10 5.57193e-10 5.73596e-10 5.86439e-10 5.95673e-10 6.01254e-10 6.03102e-10 6.01251e-10 5.95669e-10 5.86443e-10 5.73589e-10 5.57201e-10 5.37376e-10 5.1423e-10 4.8793e-10 4.58606e-10 4.26457e-10 3.91683e-10 3.54486e-10 3.15126e-10 2.73797e-10 2.30798e-10 1.86368e-10 1.40787e-10 9.43494e-11 4.73257e-11 0 0 
4.80966e-11 9.58806e-11 1.43082e-10 1.89409e-10 2.34557e-10 2.78256e-10 3.20266e-10 3.60281e-10 3.9806e-10 4.3341e-10 4.66063e-10 4.95859e-10 5.22604e-10 5.46105e-10 5.66263e-10 5.82919e-10 5.95978e-10 6.05368e-10 6.11031e-10 6.12928e-10 6.11024e-10 6.05375e-10 5.95982e-10 5.82936e-10 5.66271e-10 5.46112e-10 5.22608e-10 4.95866e-10 4.66063e-10 4.33406e-10 3.98053e-10 3.60274e-10 3.20249e-10 2.78263e-10 2.34554e-10 1.89406e-10 1.43082e-10 9.58735e-11 4.80682e-11 0 0 
4.86651e-11 9.7053e-11 1.44816e-10 1.91697e-10 2.37414e-10 2.81638e-10 3.24139e-10 3.64643e-10 4.02888e-10 4.38654e-10 4.71729e-10 5.01899e-10 5.28953e-10 5.52763e-10 5.73138e-10 5.89992e-10 6.03222e-10 6.12726e-10 6.18449e-10 6.20382e-10 6.18464e-10 6.12719e-10 6.03215e-10 5.89996e-10 5.73142e-10 5.52756e-10 5.28946e-10 5.01885e-10 4.71726e-10 4.38661e-10 4.02899e-10 3.64643e-10 3.24142e-10 2.81652e-10 2.37399e-10 1.91712e-10 1.44826e-10 9.70388e-11 4.86686e-11 0 0 
4.90701e-11 9.78417e-11 1.46009e-10 1.93253e-10 2.39332e-10 2.83926e-10 3.26782e-10 3.67603e-10 4.06157e-10 4.4222e-10 4.75556e-10 5.05946e-10 5.33237e-10 5.57229e-10 5.77788e-10 5.94792e-10 6.08125e-10 6.17696e-10 6.23469e-10 6.25391e-10 6.23469e-10 6.17703e-10 6.08129e-10 5.94795e-10 5.77788e-10 5.57236e-10 5.33241e-10 5.05963e-10 4.75556e-10 4.42224e-10 4.06171e-10 3.6761e-10 3.26764e-10 2.83926e-10 2.39339e-10 1.93268e-10 1.45995e-10 9.78417e-11 4.90665e-11 0 0 
4.9269e-11 9.82396e-11 1.46606e-10 1.94063e-10 2.40327e-10 2.85105e-10 3.28125e-10 3.69141e-10 4.07855e-10 4.44071e-10 4.77549e-10 5.08066e-10 5.35479e-10 5.5957e-10 5.80204e-10 5.97272e-10 6.10669e-10 6.20279e-10 6.26073e-10 6.28024e-10 6.26081e-10 6.20293e-10 6.10676e-10 5.97279e-10 5.80208e-10 5.5957e-10 5.35469e-10 5.08074e-10 4.77545e-10 4.44075e-10 4.07866e-10 3.69141e-10 3.28122e-10 2.85127e-10 2.40334e-10 1.94071e-10 1.4661e-10 9.82503e-11 4.92868e-11 0 0 
4.92903e-11 9.8261e-11 1.46649e-10 1.9412e-10 2.40405e-10 2.85176e-10 3.28225e-10 3.69251e-10 4.07976e-10 4.44199e-10 4.77684e-10 5.08216e-10 5.35614e-10 5.5973e-10 5.80375e-10 5.97439e-10 6.10836e-10 6.2046e-10 6.26255e-10 6.28205e-10 6.26247e-10 6.20464e-10 6.10839e-10 5.97442e-10 5.80371e-10 5.59719e-10 5.35621e-10 5.08219e-10 4.77684e-10 4.44203e-10 4.07983e-10 3.69234e-10 3.28239e-10 2.85198e-10 2.40394e-10 1.9412e-10 1.46652e-10 9.82645e-11 4.92868e-11 0 0 
4.90985e-11 9.79341e-11 1.46123e-10 1.93424e-10 2.39545e-10 2.8416e-10 3.27063e-10 3.67894e-10 4.06512e-10 4.42604e-10 4.75975e-10 5.064e-10 5.33696e-10 5.57719e-10 5.78286e-10 5.953e-10 6.08647e-10 6.18236e-10 6.24023e-10 6.25924e-10 6.24009e-10 6.18225e-10 6.08647e-10 5.953e-10 5.78297e-10 5.57719e-10 5.33692e-10 5.06393e-10 4.75964e-10 4.42597e-10 4.06512e-10 3.67912e-10 3.27056e-10 2.84171e-10 2.39538e-10 1.9342e-10 1.46123e-10 9.79199e-11 4.91056e-11 0 0 
4.87432e-11 9.7188e-11 1.45036e-10 1.91996e-10 2.37755e-10 2.82043e-10 3.24604e-10 3.65148e-10 4.03482e-10 4.39311e-10 4.72408e-10 5.02613e-10 5.2971e-10 5.53548e-10 5.73962e-10 5.90855e-10 6.04093e-10 6.13614e-10 6.19348e-10 6.21267e-10 6.19345e-10 6.136e-10 6.04089e-10 5.90845e-10 5.73969e-10 5.53548e-10 5.29699e-10 5.02602e-10 4.72408e-10 4.39297e-10 4.0346e-10 3.65173e-10 3.24611e-10 2.8205e-10 2.3774e-10 1.91985e-10 1.45032e-10 9.71809e-11 4.87539e-11 0 0 
4.8189e-11 9.60867e-11 1.4338e-10 1.89793e-10 2.3504e-10 2.78824e-10 3.20906e-10 3.60998e-10 3.98856e-10 4.34277e-10 4.67022e-10 4.96875e-10 5.23681e-10 5.47228e-10 5.67418e-10 5.84116e-10 5.97204e-10 6.06615e-10 6.12275e-10 6.14168e-10 6.12282e-10 6.06601e-10 5.97204e-10 5.84105e-10 5.67425e-10 5.47228e-10 5.23659e-10 4.96868e-10 4.67018e-10 4.34284e-10 3.9887e-10 3.61016e-10 3.20902e-10 2.78831e-10 2.35037e-10 1.89782e-10 1.43384e-10 9.6076e-11 4.81997e-11 0 0 
4.74358e-11 9.45946e-11 1.41178e-10 1.8688e-10 2.31395e-10 2.74525e-10 3.1595e-10 3.55438e-10 3.92721e-10 4.27598e-10 4.5981e-10 4.89209e-10 5.15598e-10 5.38801e-10 5.58671e-10 5.75096e-10 5.87988e-10 5.97243e-10 6.02846e-10 6.04693e-10 6.02835e-10 5.97257e-10 5.88003e-10 5.75106e-10 5.58668e-10 5.38787e-10 5.15602e-10 4.89212e-10 4.59821e-10 4.2759e-10 3.92721e-10 3.55428e-10 3.15961e-10 2.74532e-10 2.31417e-10 1.86859e-10 1.41167e-10 9.45946e-11 4.74536e-11 0 0 
4.65121e-11 9.27542e-11 1.38414e-10 1.83221e-10 2.26883e-10 2.69178e-10 3.09782e-10 3.48482e-10 3.85054e-10 4.19224e-10 4.50832e-10 4.79666e-10 5.05519e-10 5.28285e-10 5.47747e-10 5.63873e-10 5.7651e-10 5.85587e-10 5.91051e-10 5.92891e-10 5.91058e-10 5.8558e-10 5.76502e-10 5.63869e-10 5.47757e-10 5.28274e-10 5.05523e-10 4.79652e-10 4.50836e-10 4.19234e-10 3.85047e-10 3.48486e-10 3.09786e-10 2.69168e-10 2.26891e-10 1.8321e-10 1.38407e-10 9.27542e-11 4.65157e-11 0 0 
4.54108e-11 9.05374e-11 1.35103e-10 1.78851e-10 2.21462e-10 2.62759e-10 3.02421e-10 3.40194e-10 3.75888e-10 4.09258e-10 4.401e-10 4.68244e-10 4.93486e-10 5.15691e-10 5.34712e-10 5.50454e-10 5.62789e-10 5.71667e-10 5.77e-10 5.78776e-10 5.76993e-10 5.71653e-10 5.62785e-10 5.50454e-10 5.3473e-10 5.15694e-10 4.93497e-10 4.68248e-10 4.40107e-10 4.09269e-10 3.75877e-10 3.40197e-10 3.024e-10 2.62755e-10 2.21473e-10 1.78854e-10 1.35113e-10 9.05516e-11 4.54214e-11 0 0 
4.41176e-11 8.79936e-11 1.3128e-10 1.73792e-10 2.15231e-10 2.55337e-10 2.93856e-10 3.3058e-10 3.65276e-10 3.97698e-10 4.27672e-10 4.5501e-10 4.79538e-10 5.01128e-10 5.19613e-10 5.349e-10 5.46883e-10 5.55492e-10 5.60675e-10 5.62427e-10 5.60689e-10 5.55509e-10 5.46894e-10 5.34904e-10 5.19609e-10 5.01124e-10 4.79545e-10 4.55003e-10 4.27672e-10 3.97691e-10 3.65258e-10 3.30584e-10 2.93863e-10 2.55334e-10 2.1522e-10 1.73792e-10 1.31294e-10 8.79936e-11 4.41283e-11 0 0 
4.26539e-11 8.50662e-11 1.26974e-10 1.68072e-10 2.08125e-10 2.46906e-10 2.84189e-10 3.19691e-10 3.53236e-10 3.84599e-10 4.13586e-10 4.40021e-10 4.6375e-10 4.84615e-10 5.02496e-10 5.17279e-10 5.28871e-10 5.37192e-10 5.42212e-10 5.43892e-10 5.42219e-10 5.37195e-10 5.28871e-10 5.17275e-10 5.02489e-10 4.84615e-10 4.63739e-10 4.40021e-10 4.13586e-10 3.84595e-10 3.53236e-10 3.19698e-10 2.84192e-10 2.46921e-10 2.08132e-10 1.68075e-10 1.26974e-10 8.50875e-11 4.26823e-11 0 0 
4.10481e-11 8.18616e-11 1.22157e-10 1.61684e-10 2.00252e-10 2.37542e-10 2.73413e-10 3.07562e-10 3.39821e-10 3.70001e-10 3.97883e-10 4.23327e-10 4.46143e-10 4.66226e-10 4.83432e-10 4.97636e-10 5.08795e-10 5.16799e-10 5.21641e-10 5.23244e-10 5.21634e-10 5.16806e-10 5.08802e-10 4.97639e-10 4.83418e-10 4.66219e-10 4.4615e-10 4.23309e-10 3.97872e-10 3.70001e-10 3.39824e-10 3.07555e-10 2.73396e-10 2.37552e-10 2.0022e-10 1.61702e-10 1.22142e-10 8.1851e-11 4.10658e-11 0 0 
3.92575e-11 7.82947e-11 1.16863e-10 1.54685e-10 1.91562e-10 2.27264e-10 2.61547e-10 2.94236e-10 3.25098e-10 3.53968e-10 3.80652e-10 4.04984e-10 4.26812e-10 4.46033e-10 4.62475e-10 4.76078e-10 4.86757e-10 4.94431e-10 4.99043e-10 5.00588e-10 4.99035e-10 4.94424e-10 4.86754e-10 4.76074e-10 4.62492e-10 4.46022e-10 4.26816e-10 4.04984e-10 3.80645e-10 3.53971e-10 3.25109e-10 2.94236e-10 2.61554e-10 2.27267e-10 1.91562e-10 1.54674e-10 1.16856e-10 7.83125e-11 3.92681e-11 0 0 
3.73603e-11 7.44507e-11 1.11115e-10 1.471e-10 1.82141e-10 2.1609e-10 2.4869e-10 2.7978e-10 3.09129e-10 3.3657e-10 3.61943e-10 3.85072e-10 4.0583e-10 4.24105e-10 4.39751e-10 4.52687e-10 4.62819e-10 4.70106e-10 4.74497e-10 4.75971e-10 4.74504e-10 4.70109e-10 4.62837e-10 4.52673e-10 4.39748e-10 4.24095e-10 4.05848e-10 3.85072e-10 3.6194e-10 3.36573e-10 3.09125e-10 2.79762e-10 2.48697e-10 2.1609e-10 1.82148e-10 1.47093e-10 1.11115e-10 7.44507e-11 3.73461e-11 0 0 
3.52784e-11 7.03295e-11 1.04933e-10 1.38922e-10 1.72015e-10 2.04086e-10 2.3487e-10 2.64222e-10 2.91941e-10 3.17858e-10 3.4181e-10 3.63674e-10 3.83281e-10 4.00522e-10 4.15291e-10 4.27526e-10 4.37105e-10 4.43983e-10 4.48129e-10 4.49523e-10 4.48136e-10 4.43983e-10 4.37105e-10 4.27519e-10 4.15305e-10 4.00519e-10 3.83274e-10 3.63663e-10 3.41821e-10 3.17861e-10 2.91941e-10 2.64226e-10 2.34873e-10 2.04071e-10 1.72022e-10 1.38922e-10 1.04937e-10 7.03153e-11 3.52678e-11 0 0 
3.30616e-11 6.59099e-11 9.83498e-11 1.30186e-10 1.61226e-10 1.91275e-10 2.20137e-10 2.47649e-10 2.73623e-10 2.97909e-10 3.20384e-10 3.40862e-10 3.59236e-10 3.75408e-10 3.89257e-10 4.00714e-10 4.09679e-10 4.16131e-10 4.20025e-10 4.21331e-10 4.20027e-10 4.16136e-10 4.0969e-10 4.007e-10 3.8926e-10 3.75403e-10 3.59234e-10 3.40854e-10 3.20384e-10 2.97927e-10 2.73637e-10 2.47656e-10 2.2014e-10 1.91282e-10 1.61222e-10 1.30196e-10 9.83569e-11 6.59064e-11 3.30544e-11 0 0 
3.07168e-11 6.12488e-11 9.14007e-11 1.20981e-10 1.49818e-10 1.77728e-10 2.04551e-10 2.3012e-10 2.54261e-10 2.76835e-10 2.97693e-10 3.16728e-10 3.33802e-10 3.48827e-10 3.61696e-10 3.72347e-10 3.80673e-10 3.86681e-10 3.90287e-10 3.91498e-10 3.90296e-10 3.86677e-10 3.80682e-10 3.72339e-10 3.617e-10 3.48827e-10 3.33811e-10 3.16728e-10 2.97703e-10 2.76833e-10 2.54254e-10 2.30123e-10 2.04555e-10 1.77732e-10 1.49825e-10 1.20977e-10 9.139e-11 6.12417e-11 3.07203e-11 0 0 
2.8237e-11 5.63602e-11 8.40892e-11 1.11285e-10 1.37828e-10 1.6351e-10 1.88177e-10 2.11696e-10 2.33904e-10 2.54662e-10 2.73864e-10 2.9137e-10 3.07082e-10 3.20901e-10 3.32737e-10 3.42522e-10 3.50196e-10 3.55712e-10 3.59037e-10 3.60147e-10 3.59043e-10 3.55719e-10 3.50203e-10 3.4253e-10 3.32737e-10 3.20901e-10 3.07082e-10 2.91365e-10 2.73863e-10 2.54676e-10 2.33905e-10 2.1169e-10 1.88187e-10 1.6351e-10 1.37824e-10 1.11289e-10 8.40643e-11 5.63425e-11 2.82583e-11 0 0 
2.56755e-11 5.12337e-11 7.64437e-11 1.01167e-10 1.25297e-10 1.48646e-10 1.7107e-10 1.9245e-10 2.12641e-10 2.31511e-10 2.48967e-10 2.64881e-10 2.79167e-10 2.91728e-10 3.02487e-10 3.11383e-10 3.1836e-10 3.23375e-10 3.26397e-10 3.27406e-10 3.26402e-10 3.2338e-10 3.18366e-10 3.1139e-10 3.02489e-10 2.91728e-10 2.79167e-10 2.64878e-10 2.48967e-10 2.31523e-10 2.12641e-10 1.92445e-10 1.71077e-10 1.48649e-10 1.25294e-10 1.01174e-10 7.6426e-11 5.12195e-11 2.56861e-11 0 