1 807.6868482304284
2 668.291684184047
3 584.8249175701252
4 527.3202810655977
5 484.65391064016166
6 451.3930897259134
7 424.5053753519288
8 402.1659138074168
9 383.20390082302265
10 366.83222418632454
11 352.49954852570056
12 339.8070469594839
13 328.4579354370018
14 318.22619438393497
15 308.9361430649966
16 300.4488537625934
17 292.6527640045265
18 285.45708950681853
19 278.7870686871502
20 272.5804845824868
21 266.78506510395056
22 261.35651797116685
23 256.25701997233915
24 251.4540441537497
25 246.91943697161307
26 242.62868590775065
27 238.56033183426237
28 234.69549395564292
29 231.01748226674144
30 227.5114792878399
31 224.1642766967735
32 220.96405609147735
33 217.90020530113767
34 214.9631636640392
35 212.1442909725137
36 209.43575593633346
37 206.8304407923169
38 204.32185937366526
39 201.9040864356558
40 199.5716964557698
41 197.31971043436096
42 195.14354948821037
43 193.0389942301218
44 191.00214910007648
45 189.02941094699884
46 187.11744127433857
47 185.26314165303336
48 183.463631882592
49 181.71623054318457
50 180.0184376347624
51 178.36791904265277
52 176.76249260625218
53 175.2001155982103
54 173.6788734479399
55 172.1969695653537
56 170.75271613979632
57 169.34452580519877
58 167.97090407635744
59 166.63044247311163
60 165.3218122593539
61 164.04375873271948
62 162.7950960083312
63 161.57470224667497
64 160.38151528136504
65 159.21452860763966
66 158.07278769672294
67 156.95538660511878
68 155.86146485116333
69 154.79020453418514
70 153.7408276742012
71 152.71259375234604
72 151.7047974343128
73 150.71676646079644
74 149.74785969064243
75 148.79746528365928
76 147.86499901147414
77 146.94990268581273
78 146.05164269463577
79 145.1697086374588
80 144.30361205197414
81 143.45288522478987
82 142.61708007980457
83 141.79576713824417
84 140.98853454496603
85 140.19498715606437
86 139.414745683265
87 138.64744589095676
88 137.8927378420758
89 137.15028518936174
90 136.41976450876908
91 135.7008646721199
92 134.99328625628755
93 134.29674098641425
94 133.61095121087314
95 132.935649405861
96 132.2705777076562
97 131.61548747074588
98 130.9701388501439
99 130.3343004063437
100 129.70774873149554
101 129.0902680954467
102 128.48165011043133
103 127.88169341326038
104 127.29020336393476
105 126.70699175969911
106 126.13187656361839
107 125.56468164679521
108 125.0052365434586
109 124.45337621814237
110 123.90894084429009
111 123.3717755935985
112 122.84173043552298
113 122.31865994636088
114 121.80242312736559
115 121.29288323143028
116 120.78990759783247
117 120.29336749462975
118 119.80313796828779
119 119.31909770014488
120 118.84112886936707
121 118.36911702205003
122 117.90295094613558
123 117.44252255186196
124 116.98772675745114
125 116.53846137976927
126 116.0946270297159
127 115.65612701210429
128 115.22286722979982
129 114.79475609192382
130 114.37170442590681
131 113.95362539322431
132 113.5404344086148
133 113.13204906263921
134 112.72838904739687
135 112.32937608527293
136 111.93493386055911
137 111.54498795382494
138 111.15946577890604
139 110.77829652239144
140 110.40141108549929
141 110.02874202822478
142 109.66022351567614
143 109.29579126647276
144 108.9353825031433
145 108.57893590441893
146 108.22639155933642
147 107.87769092309048
148 107.53277677453673
149 107.1915931752884
150 106.85408543034113
151 106.5202000501467
152 106.18988471408953
153 105.86308823529691
154 105.53976052673401
155 105.21985256852436
156 104.9033163764487
157 104.59010497157624
158 104.28017235097307
159 103.97347345945565
160 103.66996416233694
161 103.36960121913287
162 103.0723422581848
163 102.77814575216252
164 102.48697099442094
165 102.19877807616297
166 101.91352786438866
167 101.63118198059236
168 101.35170278018462
169 101.07505333260642
170 100.80119740211232
171 100.53009942919351
172 100.26172451261618
173 99.99603839205899
174 99.73300743132167
175 99.47259860207409
176 99.21477946814703
177 98.9595181703236
178 98.70678341162608
179 98.45654444307145
180 98.20877104988672
181 97.96343353815706
182 97.7205027219007
183 97.47994991054861
184 97.24174689681453
185 97.00586594495091
186 96.7722797793576
187 96.54096157355372
188 96.31188493947877
189 96.08502391712678
190 95.86035296449563
191 95.63784694783625
192 95.41748113219963
193 95.1992311722667
194 94.98307310345061
195 94.76898333325923
196 94.55693863292507
197 94.34691612926606
198 94.13889329679344
199 93.93284795004674
200 93.72875823615136
201 93.52660262758982
202 93.32635991518006
203 93.12800920125248
204 92.93152989302561
205 92.73690169616285
206 92.54410460851132
207 92.35311891402019
208 92.163925176822
209 91.97650423547985
210 91.79083719739411
211 91.60690543336054
212 91.42469057227676
213 91.24417449599416
214 91.06533933430147
215 90.88816746005322
216 90.71264148441837
217 90.5387442522609
218 90.36645883763934
219 90.19576853942482
220 90.02665687703279
221 89.8591075862676
222 89.69310461527174
223 89.52863212057812
224 89.36567446326855
225 89.20421620522247
226 89.04424210546563
227 88.88573711660558
228 88.72868638136178
229 88.57307522917806
230 88.41888917291675
231 88.26611390563993
232 88.11473529746017
233 87.96473939248189
234 87.81611240579775
235 87.66884072057078
236 87.5229108851823
237 87.37830961044655
238 87.23502376689159
239 87.09304038210064
240 86.95234663812246
241 86.81292986893365
242 86.674777557963
243 86.53787733567506
244 86.40221697720277
245 86.2677844000369
246 86.13456766176847
247 86.00255495787802
248 85.87173461957734
249 85.74209511169535
250 85.61362503061402
251 85.48631310224648
252 85.36014818005872
253 85.23511924313512
254 85.1112153942874
255 84.98842585819685
256 84.86673997960472
257 84.7461472215327
258 84.62663716354177
259 84.50819950003786
260 84.3908240385933
261 84.27450069831738
262 84.1592195082592
263 84.04497060583024
264 83.93174423527554
265 83.81953074616456
266 83.70832059191069
267 83.59810432833154
268 83.48887261222256
269 83.38061619997029
270 83.27332594618464
271 83.16699280236176
272 83.06160781557169
273 82.95716212716631
274 82.85364697152393
275 82.75105367479838
276 82.64937365371124
277 82.54859841435093
278 82.44871955100369
279 82.3497287450004
280 82.25161776358664
281 82.15437845881306
282 82.05800276644514
283 81.96248270489129
284 81.86781037415238
285 81.77397795478798
286 81.6809777069011
287 81.58880196913965
288 81.4974431577169
289 81.40689376544753
290 81.31714636080042
291 81.22819358696688
292 81.14002816094546
293 81.05264287264252
294 80.9660305839846
295 80.8801842280498
296 80.79509680820964
297 80.7107613972918
298 80.62717113673995
299 80.54431923581231
300 80.46219897076834
301 80.38080368408419
302 80.30012678367616
303 80.22016174213226
304 80.14090209596293
305 80.06234144485718
306 79.98447345095435
307 79.90729183812536
308 79.83079039126434
309 79.75496295559196
310 79.67980343597233
311 79.6053057962301
312 79.5314640584917
313 79.45827230252564
314 79.38572466509557
315 79.31381533932787
316 79.24253857407588
317 79.17188867331218
318 79.10185999550949
319 79.03244695304518
320 78.96364401160845
321 78.89544568961499
322 78.8278465576326
323 78.76084123781243
324 78.694424403333
325 78.62859077784377
326 78.56333513492383
327 78.49865229754441
328 78.43453713754182
329 78.37098457509111
330 78.30798957819461
331 78.24554716217237
332 78.18365238916161
333 78.12230036762108
334 78.0614862518453
335 78.0012052414798
336 77.94145258104754
337 77.88222355948321
338 77.82351350966354
339 77.76531780795509
340 77.70763187376407
341 77.65045116908746
342 77.59377119807462
343 77.53758750659698
344 77.48189568181577
345 77.42669135175825
346 77.37197018490396
347 77.31772788977018
348 77.26396021450213
349 77.21066294647657
350 77.15783191189841
351 77.10546297541184
352 77.05355203971168
353 77.00209504515995
354 76.95108796940896
355 76.90052682702692
356 76.85040766912654
357 76.80072658300578
358 76.75147969178094
359 76.70266315403396
360 76.65427316346089
361 76.60630594852448
362 76.5587577721053
363 76.51162493117099
364 76.46490375643124
365 76.41859061201359
366 76.37268189513128
367 76.32717403575968
368 76.28206349631652
369 76.23734677134428
370 76.19302038719988
371 76.149080901739
372 76.10552490401689
373 76.06234901398369
374 76.01954988217999
375 75.97712418944904
376 75.9350686466387
377 75.89337999431442
378 75.852055002472
379 75.81109047025608
380 75.77048322567882
381 75.7302301253454
382 75.6903280541773
383 75.65077392514377
384 75.61156467899464
385 75.57269728399432
386 75.5341687356588
387 75.49597605649919
388 75.45811629576417
389 75.42058652918578
390 75.38338385872966
391 75.34650541234741
392 75.30994834372838
393 75.27370983205992
394 75.23778708178561
395 75.20217732236829
396 75.16687780805341
397 75.1318858176377
398 75.0971986542376
399 75.06281364506376
400 75.02872814119159
401 74.99493951734226
402 74.96144517165826
403 74.9282425254878
404 74.895329023167
405 74.86270213180526
406 74.83035934107427
407 74.79829816299964
408 74.7665161317515
409 74.73501080343704
410 74.70377975590391
411 74.67282058853213
412 74.64213092203751
413 74.61170839827659
414 74.58155068004714
415 74.55165545089943
416 74.52202041493956
417 74.49264329664781
418 74.4635218406841
419 74.43465381170421
420 74.40603699418
421 74.37766919221218
422 74.34954822935362
423 74.32167194843066
424 74.2940382113647
425 74.26664489900057
426 74.23948991093116
427 74.2125711653253
428 74.18588659876393
429 74.15943416606322
430 74.13321184011444
431 74.10721761171979
432 74.08144948942626
433 74.05590549936507
434 74.03058368509126
435 74.00548210742805
436 73.98059884430769
437 73.95593199061636
438 73.93147965804114
439 73.90723997491776
440 73.88321108607958
441 73.85939115270689
442 73.83577835218232
443 73.81237087794122
444 73.78916693932852
445 73.76616476145438
446 73.74336258505147
447 73.72075866633436
448 73.69835127686159
449 73.67613870339532
450 73.65411924776392
451 73.63229122672792
452 73.61065297184771
453 73.58920282934521
454 73.56793915997709
455 73.5468603388996
456 73.52596475554456
457 73.50525081348786
458 73.48471693032216
459 73.46436153753305
460 73.44418308037577
461 73.42418001774658
462 73.4043508220671
463 73.38469397915887
464 73.36520798812529
465 73.34589136123242
466 73.32674262379159
467 73.30776031404355
468 73.28894298304046
469 73.27028919453574
470 73.2517975248662
471 73.2334665628435
472 73.21529490964045
473 73.19728117868193
474 73.17942399553696
475 73.16172199780783
476 73.14417383502553
477 73.1267781685419
478 73.10953367142594
479 73.09243902835742
480 73.0754929355271
481 73.05869410053053
482 73.0420412422704
483 73.02553309085361
484 73.00916838749356
485 72.99294588440952
486 72.97686434473069
487 72.96092254239969
488 72.94511926207515
489 72.92945329903921
490 72.9139234590983
491 72.89852855849854
492 72.88326742382469
493 72.86813889191382
494 72.85314180976128
495 72.83827503443428
496 72.82353743298124
497 72.80892788234192
498 72.7944452692646
499 72.78008849021202
500 72.76585645128293
501 72.75174806812294
502 72.73776226584222
503 72.72389797893007
504 72.7101541511738
505 72.6965297355744
506 72.68302369426962
507 72.66963499844864
508 72.65636262827462
509 72.64320557280665
510 72.63016282991842
511 72.61723340622208
512 72.60441631699267
513 72.59171058609104
514 72.57911524588623
515 72.56662933718229
516 72.55425190914536
517 72.54198201922621
518 72.5298187330937
519 72.51776112455477
520 72.50580827548832
521 72.49395927577353
522 72.482213223218
523 72.47056922348885
524 72.45902639004323
525 72.4475838440617
526 72.43624071437621
527 72.42499613741012
528 72.41384925710302
529 72.40279922485134
530 72.39184519943993
531 72.3809863469774
532 72.37022184083179
533 72.35955086157017
534 72.34897259688921
535 72.33848624155894
536 72.32809099735633
537 72.31778607300554
538 72.30757068411853
539 72.29744405313211
540 72.28740540924998
541 72.27745398838086
542 72.26758903308479
543 72.25780979250939
544 72.24811552233486
545 72.23850548471805
546 72.22897894823183
547 72.21953518781392
548 72.21017348470541
549 72.20089312640276
550 72.19169340659559
551 72.18257362511744
552 72.17353308789146
553 72.16457110687556
554 72.15568700001054
555 72.14688009116631
556 72.13814971009401
557 72.12949519237037
558 72.12091587934876
559 72.11241111810814
560 72.10398026140454
561 72.09562266761804
562 72.08733770070863
563 72.07912473016192
564 72.07098313094596
565 72.06291228345876
566 72.05491157348595
567 72.04698039214881
568 72.03911813586046
569 72.03132420627914
570 72.02359801026246
571 72.01593895982236
572 72.00834647207886
573 72.00081996921635
574 71.99335887844074
575 71.9859626319327
576 71.97863066680728
577 71.97136242506768
578 71.96415735356717
579 71.95701490396122
580 71.94993453266964
581 71.94291570083446
582 71.93595787427834
583 71.92906052346207
584 71.92222312344714
585 71.9154451538536
586 71.90872609882119
587 71.90206544696822
588 71.89546269135718
589 71.88891732945069
590 71.88242886307465
591 71.87599679838281
592 71.86962064581635
593 71.86329992006708
594 71.85703414004118
595 71.85082282882222
596 71.84466551363401
597 71.83856172580573
598 71.83251100073498
599 71.82651287785374
600 71.82056690059221
601 71.81467261634351
602 71.80882957643101
603 71.80303733607303
604 71.79729545434851
605 71.79160349416468
606 71.78596102222104
607 71.78036760898084
608 71.77482282863431
609 71.76932625906794
610 71.76387748183241
611 71.75847608211015
612 71.75312164868325
613 71.74781377390505
614 71.74255205366414
615 71.73733608735839
616 71.73216547786205
617 71.72703983149606
618 71.72195875799689
619 71.71692187048816
620 71.71192878545203
621 71.70697912269841
622 71.70207250533508
623 71.69720855974339
624 71.69238691554425
625 71.68760720557229
626 71.68286906585095
627 71.67817213555949
628 71.67351605700979
629 71.66890047561513
630 71.66432503986853
631 71.65978940131055
632 71.65529321450614
633 71.65083613701768
634 71.64641782937898
635 71.6420379550681
636 71.6376961804839
637 71.63339217491901
638 71.62912561053552
639 71.6248961623397
640 71.62070350815766
641 71.6165473286116
642 71.612427307092
643 71.60834312973826
644 71.60429448541187
645 71.60028106567444
646 71.59630256476186
647 71.59235867956419
648 71.5884491096
649 71.58457355699475
650 71.58073172645854
651 71.57692332526221
652 71.57314806321732
653 71.56940565265127
654 71.56569580838737
655 71.5620182477236
656 71.55837269040936
657 71.55475885862535
658 71.55117647696223
659 71.54762527239993
660 71.54410497428677
661 71.54061531431714
662 71.53715602651616
663 71.53372684721225
664 71.53032751502387
665 71.52695777083446
666 71.52361735777669
667 71.52030602121117
668 71.51702350870599
669 71.51376957002063
670 71.51054395708398
671 71.50734642397657
672 71.50417672691204
673 71.5010346242186
674 71.497919876322
675 71.49483224572313
676 71.49177149698704
677 71.48873739671566
678 71.48572971353924
679 71.48274821809349
680 71.47979268300357
681 71.47686288286701
682 71.47395859423618
683 71.47107959560107
684 71.46822566737401
685 71.46539659187034
686 71.46259215329486
687 71.45981213772343
688 71.4570563330873
689 71.45432452915726
690 71.45161651752775
691 71.44893209160017
692 71.4462710465681
693 71.44363317940076
694 71.44101828882943
695 71.43842617533105
696 71.43585664111164
697 71.4333094900943
698 71.43078452790228
699 71.42828156184335
700 71.42580040089899
701 71.42334085570599
702 71.42090273854261
703 71.41848586331709
704 71.41609004555104
705 71.4137151023658
706 71.41136085246812
707 71.40902711613899
708 71.40671371521697
709 71.40442047308532
710 71.40214721466137
711 71.39989376637713
712 71.39765995617444
713 71.39544561348461
714 71.39325056921825
715 71.39107465575397
716 71.38891770692337
717 71.38677955799946
718 71.38466004568426
719 71.38255900809513
720 71.38047628475482
721 71.37841171657648
722 71.37636514585438
723 71.37433641625043
724 71.3723253727813
725 71.37033186181004
726 71.3683557310299
727 71.36639682945635
728 71.36445500741428
729 71.36253011652839
730 71.36062200970623
731 71.35873054113543
732 71.35685556626652
733 71.35499694180292
734 71.35315452569282
735 71.35132817711512
736 71.34951775647072
737 71.34772312537098
738 71.34594414662837
739 71.34418068424381
740 71.34243260340048
741 71.34069977044818
742 71.33898205289769
743 71.33727931940734
744 71.33559143977676
745 71.33391828493356
746 71.33225972692485
747 71.3306156389093
748 71.32898589514357
749 71.32737037097647
750 71.32576894283687
751 71.32418148822772
752 71.32260788571149
753 71.32104801490662
754 71.31950175647431
755 71.31796899211146
756 71.3164496045418
757 71.31494347750498
758 71.31345049575076
759 71.31197054502623
760 71.31050351207244
761 71.30904928461081
762 71.30760775133852
763 71.30617880191694
764 71.30476232696427
765 71.30335821804898
766 71.30196636767971
767 71.30058666929645
768 71.29921901726537
769 71.29786330686784
770 71.29651943429378
771 71.2951872966347
772 71.29386679187233
773 71.2925578188772
774 71.29126027739368
775 71.2899740680384
776 71.28869909228821
777 71.28743525247644
778 71.28618245178266
779 71.28494059422626
780 71.28370958466006
781 71.28248932876299
782 71.2812797330302
783 71.28008070476973
784 71.2788921520932
785 71.27771398390978
786 71.27654610991854
787 71.27538844060228
788 71.27424088722113
789 71.27310336180372
790 71.27197577714259
791 71.27085804678767
792 71.26975008503798
793 71.26865180693656
794 71.26756312826399
795 71.26648396553003
796 71.26541423597115
797 71.2643538575406
798 71.26330274890307
799 71.26226082943008
800 71.2612280191927
801 71.26020423895473
802 71.25918941016815
803 71.25818345496658
804 71.25718629615893
805 71.25619785722441
806 71.25521806230559
807 71.25424683620376
808 71.25328410437277
809 71.25232979291376
810 71.25138382856795
811 71.25044613871296
812 71.24951665135748
813 71.24859529513404
814 71.24768199929436
815 71.24677669370382
816 71.24587930883852
817 71.24498977577522
818 71.24410802619052
819 71.24323399235396
820 71.24236760712147
821 71.24150880393454
822 71.24065751680874
823 71.23981368033408
824 71.23897722966903
825 71.23814810053453
826 71.23732622920724
827 71.23651155251994
828 71.23570400785295
829 71.23490353312832
830 71.23411006680823
831 71.23332354788892
832 71.23254391589644
833 71.231771110881
834 71.231005073414
835 71.23024574458195
836 71.22949306598267
837 71.22874697972227
838 71.22800742840755
839 71.22727435514537
840 71.22654770353415
841 71.22582741766405
842 71.22511344211024
843 71.22440572192784
844 71.22370420264981
845 71.22300883028225
846 71.22231955129932
847 71.22163631263963
848 71.22095906170435
849 71.22028774634808
850 71.21962231488108
851 71.21896271606074
852 71.21830889908982
853 71.21766081361193
854 71.21701840970891
855 71.2163816378943
856 71.21575044911236
857 71.21512479473326
858 71.21450462654883
859 71.21388989676963
860 71.21328055802164
861 71.21267656334227
862 71.21207786617579
863 71.21148442037162
864 71.21089618017922
865 71.2103131002468
866 71.20973513561331
867 71.20916224171118
868 71.2085943743594
869 71.20803148975868
870 71.20747354449254
871 71.20692049551933
872 71.20637230017245
873 71.20582891615616
874 71.2052903015408
875 71.20475641476202
876 71.20422721461529
877 71.20370266025564
878 71.20318271119123
879 71.2026673272814
880 71.20215646873744
881 71.20165009611185
882 71.20114817030272
883 71.20065065254703
884 71.20015750441792
885 71.19966868782302
886 71.19918416500022
887 71.1987038985165
888 71.19822785126127
889 71.19775598645074
890 71.19728826761624
891 71.19682465860822
892 71.19636512359067
893 71.19590962703897
894 71.19545813373814
895 71.19501060877631
896 71.19456701754758
897 71.19412732574537
898 71.19369149936145
899 71.19325950468361
900 71.19283130829132
901 71.19240687705557
902 71.19198617813436
903 71.19156917897149
904 71.19115584729428
905 71.19074615110812
906 71.19034005869958
907 71.18993753862878
908 71.18953855972799
909 71.18914309110383
910 71.18875110212733
911 71.1883625624387
912 71.18797744194111
913 71.18759571079816
914 71.18721733943399
915 71.18684229852963
916 71.1864705590203
917 71.18610209209356
918 71.1857368691893
919 71.18537486199297
920 71.18501604243781
921 71.1846603827012
922 71.18430785520019
923 71.18395843259418
924 71.18361208777945
925 71.18326879388574
926 71.1829285242803
927 71.18259125255808
928 71.18225695254522
929 71.18192559829578
930 71.18159716408937
931 71.18127162442752
932 71.1809489540347
933 71.18062912785552
934 71.18031212105136
935 71.17999790900089
936 71.17968646729418
937 71.17937777173681
938 71.17907179834268
939 71.1787685233345
940 71.17846792314164
941 71.17816997439947
942 71.17787465394495
943 71.17758193881784
944 71.17729180625606
945 71.1770042336971
946 71.17671919877294
947 71.17643667931176
948 71.17615665333275
949 71.17587909904765
950 71.17560399485784
951 71.1753313193509
952 71.17506105130175
953 71.17479316967024
954 71.17452765359774
955 71.17426448240873
956 71.17400363560684
957 71.17374509287362
958 71.17348883406706
959 71.17323483922176
960 71.17298308854487
961 71.17273356241566
962 71.17248624138406
963 71.17224110616992
964 71.1719981376599
965 71.17175731690756
966 71.17151862513155
967 71.17128204371168
968 71.17104755419376
969 71.17081513828016
970 71.17058477783478
971 71.17035645487806
972 71.17013015158824
973 71.16990585029748
974 71.16968353349121
975 71.16946318380923
976 71.16924478404036
977 71.16902831712457
978 71.16881376614907
979 71.16860111434944
980 71.16839034510629
981 71.1681814419453
982 71.16797438853455
983 71.1677691686865
984 71.16756576635113
985 71.16736416562183
986 71.16716435072752
987 71.16696630603526
988 71.16677001604971
989 71.16657546540749
990 71.16638263888098
991 71.1661915213746
992 71.16600209792435
993 71.16581435369646
994 71.16562827398548
995 71.16544384421503
996 71.16526104993481
997 71.16507987682144
998 71.16490031067498
999 71.16472233741939
1000 71.16454594310223
1001 71.16437111389065
1002 71.16419783607502
1003 71.164026096061
1004 71.16385588037649
1005 71.16368717566533
1006 71.16351996868673
1007 71.16335424631653
1008 71.16318999554339
1009 71.16302720347211
1010 71.16286585731582
1011 71.1627059444016
1012 71.16254745216689
1013 71.16239036815779
1014 71.16223468002862
1015 71.16208037554215
1016 71.16192744256661
1017 71.16177586907794
1018 71.1616256431533
1019 71.161476752978
1020 71.16132918683623
1021 71.16118293311739
1022 71.16103798031038
1023 71.1608943170041
1024 71.16075193188799
1025 71.16061081374983
1026 71.16047095147432
1027 71.16033233404346
1028 71.1601949505354
1029 71.1600587901227
1030 71.1599238420747
1031 71.15979009575001
1032 71.15965754060379
1033 71.15952616618111
1034 71.15939596211912
1035 71.15926691814424
1036 71.15913902407401
1037 71.15901226981224
1038 71.15888664535439
1039 71.15876214077869
1040 71.15863874625352
1041 71.1585164520313
1042 71.15839524844918
1043 71.1582751259295
1044 71.1581560749777
1045 71.1580380861817
1046 71.15792115021152
1047 71.15780525781877
1048 71.15769039983547
1049 71.15757656717433
1050 71.15746375082551
1051 71.15735194186065
1052 71.1572411314258
1053 71.15713131074617
1054 71.1570224711232
1055 71.15691460393532
1056 71.15680770063369
1057 71.15670175274518
1058 71.15659675187254
1059 71.15649268968757
1060 71.15638955793851
1061 71.1562873484441
1062 71.15618605309321
1063 71.15608566384805
1064 71.15598617273973
1065 71.15588757186765
1066 71.1557898534015
1067 71.15569300957982
1068 71.15559703270726
1069 71.15550191515656
1070 71.15540764936634
1071 71.15531422784274
1072 71.1552216431562
1073 71.15512988794123
1074 71.15503895489793
1075 71.15494883678934
1076 71.15485952644163
1077 71.15477101674502
1078 71.15468330064907
1079 71.15459637116741
1080 71.15451022137296
1081 71.15442484440048
1082 71.15434023344352
1083 71.15425638175616
1084 71.15417328264985
1085 71.15409092949547
1086 71.15400931572198
1087 71.15392843481453
1088 71.15384828031672
1089 71.15376884582733
1090 71.15369012500184
1091 71.15361211155003
1092 71.15353479923743
1093 71.15345818188418
1094 71.15338225336404
1095 71.153307007604
1096 71.15323243858458
1097 71.153158540339
1098 71.15308530695167
1099 71.1530127325593
1100 71.15294081135085
1101 71.15286953756322
1102 71.1527989054873
1103 71.15272890946059
1104 71.15265954387189
1105 71.15259080315919
1106 71.15252268180726
1107 71.15245517435054
1108 71.152388275372
1109 71.1523219794993
1110 71.15225628141016
1111 71.15219117582653
1112 71.15212665751697
1113 71.15206272129637
1114 71.15199936202508
1115 71.15193657460699
1116 71.1518743539919
1117 71.1518126951739
1118 71.1517515931886
1119 71.15169104311836
1120 71.15163104008575
1121 71.15157157925707
1122 71.15151265584169
1123 71.1514542650892
1124 71.15139640229224
1125 71.15133906278312
1126 71.15128224193583
1127 71.15122593516578
1128 71.15117013792646
1129 71.15111484571247
1130 71.15106005405704
1131 71.15100575853452
1132 71.15095195475423
1133 71.15089863836687
1134 71.15084580506091
1135 71.15079345056074
1136 71.15074157063087
1137 71.15069016107023
1138 71.15063921771582
1139 71.15058873644126
1140 71.15053871315546
1141 71.15048914380424
1142 71.15044002436828
1143 71.15039135086202
1144 71.15034311933789
1145 71.1502953258806
1146 71.15024796660902
1147 71.15020103767746
1148 71.15015453527225
1149 71.15010845561531
1150 71.15006279495866
1151 71.15001754959032
1152 71.14997271582817
1153 71.14992829002327
1154 71.14988426855963
1155 71.14984064785187
1156 71.14979742434527
1157 71.14975459451837
1158 71.14971215487904
1159 71.14967010196557
1160 71.14962843234696
1161 71.14958714262376
1162 71.1495462294233
1163 71.14950568940503
1164 71.14946551925588
1165 71.14942571569343
1166 71.14938627546314
1167 71.14934719533841
1168 71.14930847212246
1169 71.1492701026449
1170 71.1492320837642
1171 71.14919441236636
1172 71.1491570853634
1173 71.14912009969635
1174 71.14908345233145
1175 71.1490471402632
1176 71.14901116050953
1177 71.14897551011784
1178 71.1489401861602
1179 71.14890518573257
1180 71.14887050595978
1181 71.14883614398815
1182 71.14880209699265
1183 71.14876836217051
1184 71.14873493674432
1185 71.14870181796059
1186 71.14866900309094
1187 71.1486364894311
1188 71.14860427429822
1189 71.14857235503591
1190 71.14854072900951
1191 71.14850939360747
1192 71.14847834624149
1193 71.14844758434569
1194 71.14841710537833
1195 71.14838690681691
1196 71.14835698616415
1197 71.14832734094202
1198 71.14829796869623
1199 71.14826886699365
1200 71.14824003342179
1201 71.14821146558988
1202 71.14818316112779
1203 71.14815511768664
1204 71.148127332938
1205 71.14809980457397
1206 71.14807253030719
1207 71.14804550786904
1208 71.14801873501264
1209 71.14799220950972
1210 71.14796592915218
1211 71.14793989175058
1212 71.1479140951355
1213 71.14788853715662
1214 71.14786321568108
1215 71.14783812859693
1216 71.1478132738088
1217 71.14778864924223
1218 71.14776425283738
1219 71.1477400825557
1220 71.14771613637497
1221 71.147692412292
1222 71.14766890831969
1223 71.14764562248855
1224 71.14762255284856
1225 71.14759969746474
1226 71.14757705441848
1227 71.14755462181066
1228 71.14753239775676
1229 71.14751038038935
1230 71.14748856785879
1231 71.1474669583297
1232 71.14744554998283
1233 71.14742434101767
1234 71.14740332964635
1235 71.14738251409803
1236 71.14736189261792
1237 71.14734146346677
1238 71.14732122491878
1239 71.1473011752661
1240 71.14728131281394
1241 71.14726163588232
1242 71.14724214280828
1243 71.14722283194064
1244 71.14720370164443
1245 71.14718475029885
1246 71.14716597629727
1247 71.14714737804792
1248 71.14712895397051
1249 71.14711070250179
1250 71.14709262209152
1251 71.14707471120101
1252 71.14705696830873
1253 71.14703939190291
1254 71.14702198048738
1255 71.1470047325783
1256 71.1469876467056
1257 71.14697072141165
1258 71.14695395525119
1259 71.14693734679301
1260 71.1469208946172
1261 71.14690459731749
1262 71.14688845349916
1263 71.14687246178
1264 71.14685662078992
1265 71.1468409291717
1266 71.14682538557936
1267 71.1468099886779
1268 71.1467947371471
1269 71.14677962967497
1270 71.14676466496329
1271 71.1467498417237
1272 71.14673515868022
1273 71.14672061456915
1274 71.14670620813604
1275 71.14669193813783
1276 71.14667780334399
1277 71.14666380253273
1278 71.1466499344941
1279 71.14663619802977
1280 71.14662259195059
1281 71.14660911507764
1282 71.14659576624447
1283 71.14658254429277
1284 71.14656944807538
1285 71.146556476455
1286 71.1465436283054
1287 71.14653090250872
1288 71.14651829795876
1289 71.14650581355693
1290 71.14649344821648
1291 71.14648120085883
1292 71.14646907041524
1293 71.14645705582679
1294 71.14644515604435
1295 71.14643337002714
1296 71.14642169674345
1297 71.14641013517188
1298 71.14639868429902
1299 71.14638734312146
1300 71.1463761106427
1301 71.14636498587726
1302 71.14635396784807
1303 71.14634305558494
1304 71.14633224812758
1305 71.14632154452502
1306 71.1463109438326
1307 71.14630044511624
1308 71.1462900474487
1309 71.14627974991143
1310 71.14626955159373
1311 71.14625945159347
1312 71.14624944901601
1313 71.14623954297518
1314 71.14622973259291
1315 71.14622001699658
1316 71.14621039532499
1317 71.14620086672137
1318 71.14619143033894
1319 71.14618208533612
1320 71.14617283088104
1321 71.14616366614756
1322 71.1461545903183
1323 71.14614560258212
1324 71.14613670213498
1325 71.14612788817965
1326 71.14611915992792
1327 71.14611051659662
1328 71.1461019574101
1329 71.14609348159989
1330 71.14608508840493
1331 71.14607677706836
1332 71.14606854684374
1333 71.14606039698776
1334 71.14605232676638
1335 71.14604433545081
1336 71.14603642231876
1337 71.14602858665438
1338 71.1460208277488
1339 71.14601314489853
1340 71.1460055374071
1341 71.1459980045842
1342 71.14599054574484
1343 71.14598316021052
1344 71.14597584730942
1345 71.1459686063754
1346 71.14596143674783
1347 71.14595433777221
1348 71.1459473087997
1349 71.14594034918714
1350 71.1459334582979
1351 71.14592663549972
1352 71.14591988016785
1353 71.14591319168113
1354 71.14590656942497
1355 71.14590001279015
1356 71.14589352117261
1357 71.14588709397385
1358 71.14588073060038
1359 71.14587443046577
1360 71.14586819298609
1361 71.1458620175836
1362 71.1458559036864
1363 71.14584985072828
1364 71.14584385814568
1365 71.1458379253819
1366 71.1458320518852
1367 71.14582623710841
1368 71.14582048050916
1369 71.1458147815492
1370 71.14580913969614
1371 71.14580355442274
1372 71.1457980252051
1373 71.1457925515253
1374 71.145787132869
1375 71.14578176872624
1376 71.14577645859309
1377 71.14577120196905
1378 71.14576599835887
1379 71.14576084727003
1380 71.14575574821738
1381 71.1457507007156
1382 71.14574570428847
1383 71.14574075846139
1384 71.14573586276511
1385 71.14573101673373
1386 71.14572621990507
1387 71.14572147182307
1388 71.14571677203371
1389 71.14571212008805
1390 71.1457075155411
1391 71.14570295795173
1392 71.14569844688289
1393 71.14569398190092
1394 71.14568956257638
1395 71.14568518848458
1396 71.14568085920388
1397 71.145676574315
1398 71.14567233340486
1399 71.14566813606227
1400 71.14566398188128
1401 71.14565987045826
1402 71.14565580139387
1403 71.14565177429206
1404 71.14564778876094
1405 71.14564384441056
1406 71.1456399408568
1407 71.14563607771643
1408 71.14563225461175
1409 71.14562847116831
1410 71.1456247270128
1411 71.14562102177915
1412 71.14561735509977
1413 71.14561372661491
1414 71.14561013596459
1415 71.1456065827944
1416 71.14560306675182
1417 71.14559958748855
1418 71.14559614465749
1419 71.14559273791767
1420 71.14558936692796
1421 71.145586031353
1422 71.14558273085814
1423 71.14557946511377
1424 71.14557623379206
1425 71.14557303656818
1426 71.14556987312113
1427 71.14556674313123
1428 71.14556364628355
1429 71.14556058226457
1430 71.14555755076394
1431 71.14555455147489
1432 71.14555158409146
1433 71.14554864831327
1434 71.14554574383956
1435 71.1455428703761
1436 71.14554002762675
1437 71.1455372153018
1438 71.14553443311253
1439 71.14553168077256
1440 71.14552895799888
1441 71.14552626451062
1442 71.14552360002928
1443 71.14552096428052
1444 71.14551835698867
1445 71.14551577788528
1446 71.14551322670162
1447 71.14551070317039
1448 71.145508207029
1449 71.14550573801692
1450 71.14550329587497
1451 71.145500880347
1452 71.14549849117864
1453 71.14549612811776
1454 71.14549379091552
1455 71.1454914793251
1456 71.14548919310035
1457 71.14548693200001
1458 71.14548469578082
1459 71.14548248420839
1460 71.14548029704335
1461 71.14547813405304
1462 71.14547599500506
1463 71.1454738796696
1464 71.14547178781903
1465 71.14546971922793
1466 71.14546767367233
1467 71.14546565093018
1468 71.14546365078297
1469 71.14546167301194
1470 71.14545971740293
1471 71.14545778374124
1472 71.14545587181502
1473 71.14545398141512
1474 71.1454521123341
1475 71.1454502643649
1476 71.14544843730364
1477 71.14544663094814
1478 71.14544484509884
1479 71.14544307955629
1480 71.14544133412411
1481 71.1454396086065
1482 71.145437902812
1483 71.1454362165477
1484 71.14543454962377
1485 71.14543290185351
1486 71.14543127304964
1487 71.14542966302832
1488 71.14542807160602
1489 71.14542649860203
1490 71.14542494383741
1491 71.14542340713315
1492 71.14542188831277
1493 71.14542038720332
1494 71.14541890363063
1495 71.14541743742303
1496 71.14541598841082
1497 71.14541455642616
1498 71.14541314130197
1499 71.14541174287282
1500 71.14541036097468
1501 71.14540899544612
1502 71.14540764612553
1503 71.14540631285436
1504 71.14540499547441
1505 71.14540369382874
1506 71.14540240776348
1507 71.14540113712452
1508 71.14539988175996
1509 71.14539864151823
1510 71.14539741625158
1511 71.145396205811
1512 71.14539501004992
1513 71.14539382882303
1514 71.14539266198683
1515 71.14539150939784
1516 71.14539037091669
1517 71.14538924640117
1518 71.14538813571372
1519 71.14538703871713
1520 71.14538595527473
1521 71.1453848852514
1522 71.1453838285142
1523 71.14538278493035
1524 71.14538175436836
1525 71.14538073669875
1526 71.1453797317923
1527 71.14537873952258
1528 71.14537775976159
1529 71.14537679238441
1530 71.1453758372678
1531 71.14537489428834
1532 71.14537396332356
1533 71.14537304425359
1534 71.14537213695927
1535 71.14537124132112
1536 71.14537035722192
1537 71.14536948454594
1538 71.14536862317833
1539 71.14536777300326
1540 71.14536693390906
1541 71.14536610578335
1542 71.14536528851562
1543 71.14536448199482
1544 71.1453636861128
1545 71.14536290076177
1546 71.14536212583472
1547 71.14536136122476
1548 71.14536060682813
1549 71.14535986254015
1550 71.14535912825896
1551 71.14535840388147
1552 71.14535768930652
1553 71.14535698443476
