1 459.10771895568024
2 391.0649849246939
3 351.71709609561185
4 323.49074692471424
5 301.55647050942196
6 283.78349770713726
7 268.9713563293365
8 256.3717292627223
9 245.47871859308873
10 235.9364004277386
11 227.48433360346667
12 219.92749330993647
13 213.11621827999758
14 206.9337546593781
15 201.28740882146815
16 196.1026386147815
17 191.31868655180207
18 186.88551201373184
19 182.76145668357194
20 178.91153984170148
21 175.30613021854685
22 171.91994549266937
23 168.7312572532939
24 165.72127637131385
25 162.87365624194655
26 160.17410022805151
27 157.6100397186712
28 155.1703749064594
29 152.845259423465
30 150.6259240941469
31 148.5045288832873
32 146.4740400164325
33 144.5281256975366
34 142.66106849979067
35 140.86769035920966
36 139.14328885077703
37 137.4835821846595
38 135.88466201845344
39 134.34295240577984
40 132.8551742568885
41 131.41831421090563
42 130.02959746681222
43 128.68646384011507
44 127.38654672545546
45 126.12765446092756
46 124.90775386907477
47 123.7249556229268
48 122.5775012646972
49 121.46375162908815
50 120.38217653434668
51 119.3313455566262
52 118.30991977920418
53 117.31664437543547
54 116.35034194012681
55 115.40990646238825
56 114.4942978736132
57 113.60253709249247
58 112.73370151646525
59 111.88692090378807
60 111.06137360891209
61 110.25628313070777
62 109.47091494625754
63 108.7045735999949
64 107.95660002745126
65 107.22636909030777
66 106.51328730609035
67 105.8167907540286
68 105.13634314318328
69 104.47143402793085
70 103.82157715907093
71 103.18630895844015
72 102.56518710714784
73 101.95778923752484
74 101.36371172056363
75 100.78256854066042
76 100.21399025087148
77 99.65762300189306
78 99.11312763910752
79 98.58017886208978
80 98.05846444182588
81 97.54768449098654
82 97.0475507832768
83 96.55778611799393
84 96.07812372643873
85 95.60830671696873
86 95.14808755588903
87 94.69722758149581
88 94.25549654893008
89 93.82267220361187
90 93.39853988127675
91 92.98289213276895
92 92.57552837192193
93 92.17625454496697
94 91.78488282006764
95 91.40123129563828
96 91.02512372626215
97 90.65638926504454
98 90.2948622213678
99 89.9403818330426
100 89.59279205193408
101 89.25194134180697
102 88.91768248695936
103 88.58987241115383
104 88.268372007464
105 87.95304597950897
106 87.64376269277393
107 87.34039403356392
108 87.04281527470886
109 86.7509049487334
110 86.46454472802507
111 86.18361931098859
112 85.9080163139975
113 85.63762616876332
114 85.3723420246049
115 85.11205965551693
116 84.8566773716903
117 84.60609593523534
118 84.3602184799022
119 84.11895043451078
120 83.88219944989149
121 83.6498753291188
122 83.42188996084955
123 83.19815725558706
124 82.97859308471959
125 82.76311522217689
126 82.55164328856787
127 82.34409869767066
128 82.14040460515189
129 81.94048585939129
130 81.74426895431193
131 81.55168198409656
132 81.36265459970348
133 81.17711796707164
134 80.9950047269296
135 80.81624895612697
136 80.64078613039376
137 80.46855308845626
138 80.29948799743083
139 80.13353031943616
140 79.97062077933069
141 79.81070133354565
142 79.65371513992403
143 79.49960652853083
144 79.34832097337559
145 79.1998050650226
146 79.05400648404503
147 78.91087397528784
148 78.77035732290291
149 78.63240732610176
150 78.49697577558528
151 78.36401543063441
152 78.23347999685234
153 78.10532410453496
154 77.97950328764372
155 77.85597396334408
156 77.73469341210547
157 77.61561975834391
158 77.49871195159737
159 77.38392974819432
160 77.27123369342766
161 77.1605851041943
162 77.0519460521081
163 76.94527934704826
164 76.84054852114787
165 76.73771781320204
166 76.6367521534757
167 76.53761714890918
168 76.44027906870281
169 76.34470483026753
170 76.25086198553147
171 76.15871870759244
172 76.06824377770427
173 75.97940657258037
174 75.89217705201798
175 75.80652574682287
176 75.72242374702333
177 75.63984269037816
178 75.55875475115059
179 75.47913262916192
180 75.40094953909511
181 75.32417920005571
182 75.24879582537649
183 75.17477411266341
184 75.10208923406556
185 75.03071682677154
186 74.96063298373079
187 74.89181424457271
188 74.82423758674375
189 74.75788041683408
190 74.6927205621055
191 74.62873626220527
192 74.56590616105996
193 74.50420929895185
194 74.44362510476712
195 74.38413338841376
196 74.32571433340223
197 74.26834848958447
198 74.21201676605706
199 74.15670042420554
200 74.10238107090466
201 74.04904065185903
202 73.99666144508845
203 73.94522605454524
204 73.89471740387134
205 73.8451187302833
206 73.79641357858458
207 73.74858579530427
208 73.70161952295682
209 73.65549919442054
210 73.61020952743111
211 73.56573551919006
212 73.52206244108169
213 73.47917583349928
214 73.4370615007768
215 73.39570550622315
216 73.35509416725309
217 73.31521405062327
218 73.27605196775845
219 73.23759497017204
220 73.19983034498112
221 73.1627456105045
222 73.12632851195767
223 73.09056701722153
224 73.05544931270563
225 73.02096379928271
226 72.98709908831339
227 72.95384399773911
228 72.9211875482567
229 72.88911895957035
230 72.85762764670841
231 72.82670321641778
232 72.79633546362705
233 72.76651436797708
234 72.73723009041936
235 72.70847296987831
236 72.68023351998205
237 72.65250242584774
238 72.62527054093692
239 72.59852888396723
240 72.57226863588295
241 72.54648113688093
242 72.52115788350103
243 72.49629052576054
244 72.47187086435217
245 72.447890847891
246 72.42434257021242
247 72.4012182677261
248 72.37851031681046
249 72.35621123126772
250 72.33431365982278
251 72.31281038365965
252 72.29169431401345
253 72.2709584898083
254 72.25059607533669
255 72.2306003579755
256 72.21096474596071
257 72.19168276618477
258 72.17274806204911
259 72.15415439135069
260 72.1358956242046
261 72.11796574101669
262 72.10035883047422
263 72.08306908759789
264 72.06609081180723
265 72.04941840503768
266 72.03304636988291
267 72.01696930777842
268 72.00118191721155
269 71.98567899196752
270 71.97045541941269
271 71.95550617879978
272 71.94082633961004
273 71.92641105992665
274 71.91225558483444
275 71.89835524484963
276 71.88470545438172
277 71.8713017102184
278 71.85813959004174
279 71.84521475097011
280 71.8325229281275
281 71.82005993323703
282 71.8078216532424
283 71.7958040489523
284 71.78400315371252
285 71.77241507209872
286 71.76103597863376
287 71.7498621165315
288 71.73888979645886
289 71.72811539532391
290 71.7175353550839
291 71.70714618157385
292 71.69694444336224
293 71.68692677061742
294 71.67708985400677
295 71.66743044360479
296 71.6579453478263
297 71.64863143237908
298 71.63948561923476
299 71.63050488561578
300 71.62168626300733
301 71.61302683617825
302 71.60452374222551
303 71.59617416963656
304 71.58797535736383
305 71.57992459391954
306 71.57201921648752
307 71.56425661004822
308 71.55663420651904
309 71.54914948391492
310 71.54179996552
311 71.53458321907367
312 71.52749685597576
313 71.52053853050063
314 71.5137059390282
315 71.50699681928968
316 71.50040894962478
317 71.49394014825326
318 71.4875882725598
319 71.48135121839137
320 71.47522691936658
321 71.46921334620019
322 71.46330850603533
323 71.45751044179075
324 71.45181723152172
325 71.44622698778507
326 71.44073785702511
327 71.43534801896277
328 71.43005568599995
329 71.42485910263545
330 71.41975654488469
331 71.41474631971873
332 71.40982676450791
333 71.40499624647657
334 71.40025316216678
335 71.39559593691492
336 71.39102302433383
337 71.38653290580547
338 71.38212408998322
339 71.37779511230451
340 71.3735445345078
341 71.36937094416525
342 71.36527295421286
343 71.36124920250377
344 71.35729835135386
345 71.35341908710785
346 71.34961011970871
347 71.34587018227079
348 71.3421980306676
349 71.33859244312306
350 71.33505221980958
351 71.33157618245554
352 71.32816317395977
353 71.32481205800939
354 71.3215217187083
355 71.3182910602122
356 71.31511900636755
357 71.3120045003581
358 71.30894650436092
359 71.30594399920167
360 71.3029959840245
361 71.30010147595937
362 71.29725950980247
363 71.29446913769853
364 71.29172942882992
365 71.28903946910992
366 71.28639836088489
367 71.2838052226361
368 71.2812591886945
369 71.27875940895336
370 71.27630504859064
371 71.27389528779378
372 71.27152932149136
373 71.26920635908824
374 71.26692562420702
375 71.2646863544294
376 71.26248780105176
377 71.26032922883289
378 71.25820991575712
379 71.25612915279358
380 71.25408624366757
381 71.2520805046257
382 71.25011126421754
383 71.2481778630693
384 71.24627965367267
385 71.24441600016534
386 71.24258627812917
387 71.24078987437962
388 71.2390261867654
389 71.23729462397263
390 71.2355946053269
391 71.23392556060551
392 71.23228692984748
393 71.23067816317064
394 71.22909872059105
395 71.2275480718435
396 71.22602569620939
397 71.22453108234416
398 71.22306372810861
399 71.22162314040425
400 71.2202088350122
401 71.21882033642977
402 71.21745717771964
403 71.21611890035147
404 71.21480505405255
405 71.21351519666065
406 71.21224889397668
407 71.21100571962182
408 71.2097852548981
409 71.20858708865126
410 71.2074108171319
411 71.20625604386615
412 71.2051223795215
413 71.20400944178245
414 71.20291685522228
415 71.20184425117912
416 71.20079126763432
417 71.19975754909372
418 71.19874274647167
419 71.19774651697298
420 71.19676852398243
421 71.19580843695259
422 71.19486593129443
423 71.19394068827182
424 71.19303239489624
425 71.19214074381915
426 71.19126543323787
427 71.19040616679007
428 71.18956265345909
429 71.18873460747591
430 71.1879217482274
431 71.18712380016078
432 71.18634049269366
433 71.18557156012555
434 71.18481674155005
435 71.18407578076679
436 71.18334842619997
437 71.18263443081145
438 71.18193355202249
439 71.18124555163132
440 71.18057019573645
441 71.17990725465658
442 71.17925650285844
443 71.17861771887736
444 71.17799068524951
445 71.17737518843582
446 71.17677101875317
447 71.17617797030476
448 71.17559584091123
449 71.1750244320457
450 71.1744635487658
451 71.1739129996502
452 71.1733725967366
453 71.17284215545739
454 71.1723214945787
455 71.1718104361418
456 71.17130880540364
457 71.170816430778
458 71.17033314378021
459 71.16985877897066
460 71.1693931738996
461 71.16893616905261
462 71.16848760780077
463 71.16804733634584
464 71.16761520366931
465 71.16719106148471
466 71.16677476418593
467 71.16636616880177
468 71.16596513494359
469 71.16557152476436
470 71.16518520290998
471 71.16480603647487
472 71.16443389495781
473 71.16406865021848
474 71.16371017643577
475 71.16335835006416
476 71.16301304979523
477 71.16267415651579
478 71.1623415532682
479 71.16201512521293
480 71.16169475958824
481 71.16138034567479
482 71.16107177475804
483 71.16076894009089
484 71.16047173686148
485 71.16018006215421
486 71.15989381491939
487 71.15961289593642
488 71.15933720778212
489 71.15906665480006
490 71.15880114306555
491 71.15854058035742
492 71.15828487612399
493 71.15803394145577
494 71.15778768905528
495 71.15754603320656
496 71.15730888974936
497 71.1570761760476
498 71.15684781096463
499 71.15662371483567
500 71.15640380943906
501 71.15618801797453
502 71.15597626503336
503 71.1557684765753
504 71.15556457990351
505 71.15536450364013
506 71.15516817770357
507 71.15497553328298
508 71.1547865028183
509 71.15460101997371
510 71.15441901962015
511 71.15424043780929
512 71.15406521175542
513 71.15389327981173
514 71.15372458145296
515 71.15355905725181
516 71.15339664886109
517 71.15323729899504
518 71.15308095140631
519 71.1529275508728
520 71.15277704317424
521 71.15262937507555
522 71.15248449431148
523 71.1523423495666
524 71.15220289045612
525 71.15206606751536
526 71.15193183217653
527 71.15180013675699
528 71.15167093444123
529 71.15154417926502
530 71.15141982610088
531 71.1512978306438
532 71.1511781493932
533 71.15106073964193
534 71.15094555946035
535 71.15083256768129
536 71.15072172388972
537 71.15061298840348
538 71.15050632226635
539 71.15040168722905
540 71.15029904574149
541 71.15019836093771
542 71.15009959662257
543 71.15000271726167
544 71.14990768796832
545 71.14981447449124
546 71.14972304320483
547 71.14963336109689
548 71.14954539575645
549 71.14945911536405
550 71.14937448868228
551 71.14929148504243
552 71.1492100743358
553 71.14913022700341
554 71.14905191402714
555 71.1489751069159
556 71.14889977770302
557 71.14882589892902
558 71.14875344363891
559 71.14868238536799
560 71.14861269813701
561 71.14854435644062
562 71.14847733523935
563 71.1484116099532
564 71.14834715645044
565 71.1482839510405
566 71.14822197046784
567 71.14816119190003
568 71.14810159292499
569 71.14804315153896
570 71.14798584614182
571 71.14792965552857
572 71.14787455888333
573 71.14782053577142
574 71.14776756613081
575 71.14771563026959
576 71.14766470885449
577 71.14761478290812
578 71.14756583380058
579 71.1475178432436
580 71.14747079328397
581 71.14742466629835
582 71.14737944498543
583 71.14733511236419
584 71.14729165176263
585 71.1472490468158
586 71.1472072814598
587 71.14716633992339
588 71.14712620672883
589 71.14708686667974
590 71.14704830485958
591 71.14701050662732
592 71.14697345760985
593 71.14693714369811
594 71.14690155104412
595 71.14686666605216
596 71.1468324753804
597 71.1467989659287
598 71.14676612483937
599 71.14673393949312
600 71.14670239750127
601 71.14667148670334
602 71.14664119516421
603 71.1466115111672
604 71.14658242321293
605 71.14655392001336
606 71.14652599048799
607 71.14649862376288
608 71.14647180916205
609 71.14644553620892
610 71.14641979461902
611 71.14639457429665
612 71.14636986533613
613 71.14634565801094
614 71.14632194277705
615 71.14629871026523
616 71.14627595128005
617 71.14625365679632
618 71.14623181795584
619 71.14621042606386
620 71.14618947258651
621 71.14616894914886
622 71.14614884752963
623 71.14612915966174
624 71.14610987762548
625 71.14609099364927
626 71.14607250010594
627 71.14605438950846
628 71.14603665450997
629 71.14601928789864
630 71.14600228259808
631 71.14598563166162
632 71.14596932827294
633 71.14595336574196
634 71.145937737503
635 71.1459224371114
636 71.14590745824462
637 71.14589279469558
638 71.14587844037328
639 71.14586438930101
640 71.14585063561213
641 71.14583717354998
642 71.14582399746577
643 71.14581110181435
644 71.14579848115447
645 71.14578613014851
646 71.14577404355585
647 71.14576221623354
648 71.14575064313686
649 71.14573931931399
650 71.14572823990571
651 71.14571740014404
652 71.14570679534903
653 71.14569642093032
654 71.14568627238178
655 71.14567634528065
656 71.14566663529024
657 71.14565713815284
658 71.1456478496913
659 71.1456387658059
660 71.14562988247415
661 71.14562119575079
662 71.1456127017624
663 71.145604396709
664 71.14559627686167
665 71.14558833856236
666 71.1455805782221
667 71.14557299231797
668 71.14556557739394
669 71.14555833006074
670 71.14555124699037
671 71.14554432491829
672 71.14553756064343
673 71.14553095102129
674 71.14552449297189
675 71.14551818346834
676 71.14551201954396
677 71.14550599828635
678 71.14550011684054
679 71.14549437240308
680 71.14548876222499
681 71.14548328360914
682 71.14547793390875
683 71.14547271052908
684 71.14546761092181
685 71.14546263258944
686 71.14545777308007
687 71.14545302999015
688 71.14544840096072
689 71.14544388367699
690 71.14543947587006
691 71.14543517531294
692 71.14543097982074
693 71.14542688725149
694 71.14542289550295
695 71.14541900251365
696 71.14541520626189
697 71.14541150476188
698 71.14540789606974
699 71.14540437827608
700 71.14540094950908
701 71.14539760793232
702 71.14539435174443
703 71.14539117917924
704 71.14538808850402
705 71.14538507801929
706 71.14538214605822
707 71.14537929098638
708 71.14537651120035
709 71.14537380512739
710 71.14537117122593
711 71.14536860798289
712 71.14536611391487
713 71.14536368756832
714 71.14536132751512
715 71.14535903235745
716 71.14535680072322
717 71.14535463126684
718 71.14535252266907
719 71.14535047363589
720 71.14534848289821
721 71.14534654921262
722 71.14534467135957
723 71.14534284814239
724 71.14534107838764
725 71.14533936094668
726 71.14533769469114
727 71.14533607851398
728 71.14533451133349
729 71.14533299208509
730 71.14533151972746
731 71.14533009323802
732 71.14532871161596
733 71.14532737387916
734 71.14532607906365
735 71.14532482622715
736 71.14532361444307
737 71.14532244280447
738 71.14532131042196
739 71.14532021642447
740 71.14531915995633
741 71.14531814018058
742 71.14531715627578
743 71.14531620743755
744 71.14531529287557
745 71.14531441181786
746 71.1453135635059
747 71.1453127471965
748 71.1453119621616
749 71.14531120768817
750 71.14531048307595
751 71.1453097876398
