0.000000 0.000000 10.000000
0.000000 0.100000 4.995780
0.000000 0.200000 3.015076
0.000000 0.300000 2.081404
0.000000 0.400000 1.568506
0.000000 0.500000 1.251025
0.000000 0.600000 1.036492
0.000000 0.700000 0.882015
0.000000 0.800000 0.765481
0.000000 0.900000 0.674461
0.000000 1.000000 0.601470
0.000000 1.100000 0.541746
0.000000 1.200000 0.492122
0.000000 1.300000 0.450417
0.000000 1.400000 0.415083
0.000000 1.500000 0.384996
0.000000 1.600000 0.359323
0.000000 1.700000 0.337436
0.000000 1.800000 0.318859
0.000000 1.900000 0.303226
0.000000 2.000000 0.290255
0.000000 2.100000 0.279730
0.000000 2.200000 0.271485
0.000000 2.300000 0.265400
0.000000 2.400000 0.261387
0.000000 2.500000 0.259391
0.000000 2.600000 0.259386
0.000000 2.700000 0.261371
0.000000 2.800000 0.265373
0.000000 2.900000 0.271449
0.000000 3.000000 0.279683
0.000000 3.100000 0.290200
0.000000 3.200000 0.303163
0.000000 3.300000 0.318788
0.000000 3.400000 0.337359
0.000000 3.500000 0.359241
0.000000 3.600000 0.384910
0.000000 3.700000 0.414995
0.000000 3.800000 0.450328
0.000000 3.900000 0.492033
0.000000 4.000000 0.541658
0.000000 4.100000 0.601385
0.000000 4.200000 0.674380
0.000000 4.300000 0.765406
0.000000 4.400000 0.881947
0.000000 4.500000 1.036431
0.000000 4.600000 1.250973
0.000000 4.700000 1.568463
0.000000 4.800000 2.081372
0.000000 4.900000 3.015054
0.000000 5.000000 4.995769

0.100000 0.000000 10.000000
0.100000 0.100000 6.968044
0.100000 0.200000 4.983120
0.100000 0.300000 3.742035
0.100000 0.400000 2.941596
0.100000 0.500000 2.399102
0.100000 0.600000 2.012929
0.100000 0.700000 1.726087
0.100000 0.800000 1.505448
0.100000 0.900000 1.330893
0.100000 1.000000 1.189673
0.100000 1.100000 1.073391
0.100000 1.200000 0.976326
0.100000 1.300000 0.894464
0.100000 1.400000 0.824920
0.100000 1.500000 0.765579
0.100000 1.600000 0.714858
0.100000 1.700000 0.671562
0.100000 1.800000 0.634774
0.100000 1.900000 0.603790
0.100000 2.000000 0.578065
0.100000 2.100000 0.557179
0.100000 2.200000 0.540812
0.100000 2.300000 0.528728
0.100000 2.400000 0.520757
0.100000 2.500000 0.516792
0.100000 2.600000 0.516782
0.100000 2.700000 0.520724
0.100000 2.800000 0.528674
0.100000 2.900000 0.540738
0.100000 3.000000 0.557085
0.100000 3.100000 0.577953
0.100000 3.200000 0.603662
0.100000 3.300000 0.634632
0.100000 3.400000 0.671407
0.100000 3.500000 0.714693
0.100000 3.600000 0.765406
0.100000 3.700000 0.824743
0.100000 3.800000 0.894283
0.100000 3.900000 0.976146
0.100000 4.000000 1.073214
0.100000 4.100000 1.189502
0.100000 4.200000 1.330730
0.100000 4.300000 1.505296
0.100000 4.400000 1.725949
0.100000 4.500000 2.012806
0.100000 4.600000 2.398997
0.100000 4.700000 2.941509
0.100000 4.800000 3.741969
0.100000 4.900000 4.983075
0.100000 5.000000 6.968021

0.200000 0.000000 10.000000
0.200000 0.100000 7.893275
0.200000 0.200000 6.207325
0.200000 0.300000 4.962020
0.200000 0.400000 4.056740
0.200000 0.500000 3.390859
0.200000 0.600000 2.890033
0.200000 0.700000 2.503958
0.200000 0.800000 2.199331
0.200000 0.900000 1.953989
0.200000 1.000000 1.752938
0.200000 1.100000 1.585820
0.200000 1.200000 1.445326
0.200000 1.300000 1.326191
0.200000 1.400000 1.224556
0.200000 1.500000 1.137540
0.200000 1.600000 1.062970
0.200000 1.700000 0.999179
0.200000 1.800000 0.944886
0.200000 1.900000 0.899096
0.200000 2.000000 0.861035
0.200000 2.100000 0.830108
0.200000 2.200000 0.805856
0.200000 2.300000 0.787941
0.200000 2.400000 0.776121
0.200000 2.500000 0.770240
0.200000 2.600000 0.770223
0.200000 2.700000 0.776071
0.200000 2.800000 0.787860
0.200000 2.900000 0.805744
0.200000 3.000000 0.829965
0.200000 3.100000 0.860866
0.200000 3.200000 0.898901
0.200000 3.300000 0.944670
0.200000 3.400000 0.998944
0.200000 3.500000 1.062719
0.200000 3.600000 1.137278
0.200000 3.700000 1.224286
0.200000 3.800000 1.325917
0.200000 3.900000 1.445052
0.200000 4.000000 1.585552
0.200000 4.100000 1.752678
0.200000 4.200000 1.953742
0.200000 4.300000 2.199100
0.200000 4.400000 2.503748
0.200000 4.500000 2.889846
0.200000 4.600000 3.390698
0.200000 4.700000 4.056608
0.200000 4.800000 4.961920
0.200000 4.900000 6.207257
0.200000 5.000000 7.893241

0.300000 0.000000 10.000000
0.300000 0.100000 8.397732
0.300000 0.200000 6.990883
0.300000 0.300000 5.841982
0.300000 0.400000 4.932484
0.300000 0.500000 4.217561
0.300000 0.600000 3.652386
0.300000 0.700000 3.200380
0.300000 0.800000 2.833928
0.300000 0.900000 2.532795
0.300000 1.000000 2.282271
0.300000 1.100000 2.071625
0.300000 1.200000 1.892966
0.300000 1.300000 1.740420
0.300000 1.400000 1.609571
0.300000 1.500000 1.497058
0.300000 1.600000 1.400300
0.300000 1.700000 1.317299
0.300000 1.800000 1.246495
0.300000 1.900000 1.186671
0.300000 2.000000 1.136873
0.300000 2.100000 1.096360
0.300000 2.200000 1.064565
0.300000 2.300000 1.041061
0.300000 2.400000 1.025545
0.300000 2.500000 1.017823
0.300000 2.600000 1.017801
0.300000 2.700000 1.025478
0.300000 2.800000 1.040950
0.300000 2.900000 1.064412
0.300000 3.000000 1.096168
0.300000 3.100000 1.136643
0.300000 3.200000 1.186407
0.300000 3.300000 1.246202
0.300000 3.400000 1.316980
0.300000 3.500000 1.399960
0.300000 3.600000 1.496702
0.300000 3.700000 1.609204
0.300000 3.800000 1.740048
0.300000 3.900000 1.892595
0.300000 4.000000 2.071261
0.300000 4.100000 2.281918
0.300000 4.200000 2.532460
0.300000 4.300000 2.833615
0.300000 4.400000 3.200095
0.300000 4.500000 3.652132
0.300000 4.600000 4.217343
0.300000 4.700000 4.932305
0.300000 4.800000 5.841846
0.300000 4.900000 6.990791
0.300000 5.000000 8.397686

0.400000 0.000000 10.000000
0.400000 0.100000 8.706771
0.400000 0.200000 7.516493
0.400000 0.300000 6.482542
0.400000 0.400000 5.613652
0.400000 0.500000 4.894515
0.400000 0.600000 4.301569
0.400000 0.700000 3.811250
0.400000 0.800000 3.403206
0.400000 0.900000 3.060992
0.400000 1.000000 2.771724
0.400000 1.100000 2.525446
0.400000 1.200000 2.314492
0.400000 1.300000 2.132952
0.400000 1.400000 1.976249
0.400000 1.500000 1.840820
0.400000 1.600000 1.723875
0.400000 1.700000 1.623221
0.400000 1.800000 1.537125
0.400000 1.900000 1.464219
0.400000 2.000000 1.403425
0.400000 2.100000 1.353896
0.400000 2.200000 1.314982
0.400000 2.300000 1.286191
0.400000 2.400000 1.267175
0.400000 2.500000 1.257707
0.400000 2.600000 1.257679
0.400000 2.700000 1.267089
0.400000 2.800000 1.286050
0.400000 2.900000 1.314787
0.400000 3.000000 1.353650
0.400000 3.100000 1.403131
0.400000 3.200000 1.463883
0.400000 3.300000 1.536750
0.400000 3.400000 1.622813
0.400000 3.500000 1.723441
0.400000 3.600000 1.840365
0.400000 3.700000 1.975781
0.400000 3.800000 2.132477
0.400000 3.900000 2.314018
0.400000 4.000000 2.524980
0.400000 4.100000 2.771273
0.400000 4.200000 3.060563
0.400000 4.300000 3.402806
0.400000 4.400000 3.810884
0.400000 4.500000 4.301245
0.400000 4.600000 4.894237
0.400000 4.700000 5.613423
0.400000 4.800000 6.482367
0.400000 4.900000 7.516375
0.400000 5.000000 8.706711

0.500000 0.000000 10.000000
0.500000 0.100000 8.912857
0.500000 0.200000 7.885776
0.500000 0.300000 6.958039
0.500000 0.400000 6.145067
0.500000 0.500000 5.445279
0.500000 0.600000 4.848127
0.500000 0.700000 4.339842
0.500000 0.800000 3.906655
0.500000 0.900000 3.536243
0.500000 1.000000 3.218187
0.500000 1.100000 2.943941
0.500000 1.200000 2.706604
0.500000 1.300000 2.500646
0.500000 1.400000 2.321653
0.500000 1.500000 2.166098
0.500000 1.600000 2.031160
0.500000 1.700000 1.914585
0.500000 1.800000 1.814565
0.500000 1.900000 1.729657
0.500000 2.000000 1.658711
0.500000 2.100000 1.600818
0.500000 2.200000 1.555275
0.500000 2.300000 1.521548
0.500000 2.400000 1.499256
0.500000 2.500000 1.488153
0.500000 2.600000 1.488117
0.500000 2.700000 1.499151
0.500000 2.800000 1.521374
0.500000 2.900000 1.555035
0.500000 3.000000 1.600515
0.500000 3.100000 1.658349
0.500000 3.200000 1.729242
0.500000 3.300000 1.814103
0.500000 3.400000 1.914082
0.500000 3.500000 2.030625
0.500000 3.600000 2.165537
0.500000 3.700000 2.321076
0.500000 3.800000 2.500061
0.500000 3.900000 2.706019
0.500000 4.000000 2.943367
0.500000 4.100000 3.217631
0.500000 4.200000 3.535714
0.500000 4.300000 3.906161
0.500000 4.400000 4.339392
0.500000 4.500000 4.847726
0.500000 4.600000 5.444935
0.500000 4.700000 6.144785
0.500000 4.800000 6.957824
0.500000 4.900000 7.885631
0.500000 5.000000 8.912784

0.600000 0.000000 10.000000
0.600000 0.100000 9.058882
0.600000 0.200000 8.155716
0.600000 0.300000 7.318771
0.600000 0.400000 6.563299
0.600000 0.500000 5.893407
0.600000 0.600000 5.305816
0.600000 0.700000 4.793338
0.600000 0.800000 4.347328
0.600000 0.900000 3.959137
0.600000 1.000000 3.620841
0.600000 1.100000 3.325528
0.600000 1.200000 3.067335
0.600000 1.300000 2.841377
0.600000 1.400000 2.643620
0.600000 1.500000 2.470757
0.600000 1.600000 2.320083
0.600000 1.700000 2.189392
0.600000 1.800000 2.076893
0.600000 1.900000 1.981133
0.600000 2.000000 1.900942
0.600000 2.100000 1.835391
0.600000 2.200000 1.783752
0.600000 2.300000 1.745470
0.600000 2.400000 1.720149
0.600000 2.500000 1.707530
0.600000 2.600000 1.707487
0.600000 2.700000 1.720022
0.600000 2.800000 1.745261
0.600000 2.900000 1.783463
0.600000 3.000000 1.835027
0.600000 3.100000 1.900508
0.600000 3.200000 1.980634
0.600000 3.300000 2.076338
0.600000 3.400000 2.188788
0.600000 3.500000 2.319439
0.600000 3.600000 2.470083
0.600000 3.700000 2.642926
0.600000 3.800000 2.840673
0.600000 3.900000 3.066632
0.600000 4.000000 3.324836
0.600000 4.100000 3.620172
0.600000 4.200000 3.958500
0.600000 4.300000 4.346733
0.600000 4.400000 4.792795
0.600000 4.500000 5.305333
0.600000 4.600000 5.892992
0.600000 4.700000 6.562959
0.600000 4.800000 7.318511
0.600000 4.900000 8.155541
0.600000 5.000000 9.058793

0.700000 0.000000 10.000000
0.700000 0.100000 9.166954
0.700000 0.200000 8.359436
0.700000 0.300000 7.598031
0.700000 0.400000 6.895950
0.700000 0.500000 6.259234
0.700000 0.600000 5.688393
0.700000 0.700000 5.180366
0.700000 0.800000 4.730183
0.700000 0.900000 4.332136
0.700000 1.000000 3.980513
0.700000 1.100000 3.669994
0.700000 1.200000 3.395833
0.700000 1.300000 3.153906
0.700000 1.400000 2.940694
0.700000 1.500000 2.753228
0.700000 1.600000 2.589021
0.700000 1.700000 2.446009
0.700000 1.800000 2.322482
0.700000 1.900000 2.217038
0.700000 2.000000 2.128535
0.700000 2.100000 2.056053
0.700000 2.200000 1.998870
0.700000 2.300000 1.956432
0.700000 2.400000 1.928338
0.700000 2.500000 1.914330
0.700000 2.600000 1.914280
0.700000 2.700000 1.928189
0.700000 2.800000 1.956184
0.700000 2.900000 1.998528
0.700000 3.000000 2.055622
0.700000 3.100000 2.128020
0.700000 3.200000 2.216448
0.700000 3.300000 2.321825
0.700000 3.400000 2.445294
0.700000 3.500000 2.588259
0.700000 3.600000 2.752429
0.700000 3.700000 2.939872
0.700000 3.800000 3.153072
0.700000 3.900000 3.394999
0.700000 4.000000 3.669174
0.700000 4.100000 3.979719
0.700000 4.200000 4.331380
0.700000 4.300000 4.729478
0.700000 4.400000 5.179722
0.700000 4.500000 5.687820
0.700000 4.600000 6.258742
0.700000 4.700000 6.895547
0.700000 4.800000 7.597722
0.700000 4.900000 8.359228
0.700000 5.000000 9.166848

0.800000 0.000000 10.000000
0.800000 0.100000 9.249496
0.800000 0.200000 8.517043
0.800000 0.300000 7.817966
0.800000 0.400000 7.163237
0.800000 0.500000 6.559186
0.800000 0.600000 6.008155
0.800000 0.700000 5.509551
0.800000 0.800000 5.060901
0.800000 0.900000 4.658711
0.800000 1.000000 4.299081
0.800000 1.100000 3.978103
0.800000 1.200000 3.692096
0.800000 1.300000 3.437720
0.800000 1.400000 3.212023
0.800000 1.500000 3.012438
0.800000 1.600000 2.836766
0.800000 1.700000 2.683140
0.800000 1.800000 2.549989
0.800000 1.900000 2.436003
0.800000 2.000000 2.340105
0.800000 2.100000 2.261417
0.800000 2.200000 2.199244
0.800000 2.300000 2.153049
0.800000 2.400000 2.122443
0.800000 2.500000 2.107173
0.800000 2.600000 2.107115
0.800000 2.700000 2.122268
0.800000 2.800000 2.152759
0.800000 2.900000 2.198844
0.800000 3.000000 2.260913
0.800000 3.100000 2.339504
0.800000 3.200000 2.435314
0.800000 3.300000 2.549220
0.800000 3.400000 2.682304
0.800000 3.500000 2.835875
0.800000 3.600000 3.011504
0.800000 3.700000 3.211060
0.800000 3.800000 3.436743
0.800000 3.900000 3.691119
0.800000 4.000000 3.977142
0.800000 4.100000 4.298150
0.800000 4.200000 4.657825
0.800000 4.300000 5.060074
0.800000 4.400000 5.508795
0.800000 4.500000 6.007483
0.800000 4.600000 6.558609
0.800000 4.700000 7.162764
0.800000 4.800000 7.817604
0.800000 4.900000 8.516798
0.800000 5.000000 9.249373

0.900000 0.000000 10.000000
0.900000 0.100000 9.313989
0.900000 0.200000 8.641274
0.900000 0.300000 7.993554
0.900000 0.400000 7.379847
0.900000 0.500000 6.806118
0.900000 0.600000 6.275489
0.900000 0.700000 5.788781
0.900000 0.800000 5.345160
0.900000 0.900000 4.942727
0.900000 1.000000 4.578996
0.900000 1.100000 4.251241
0.900000 1.200000 3.956727
0.900000 1.300000 3.692856
0.900000 1.400000 3.457238
0.900000 1.500000 3.247735
0.900000 1.600000 3.062466
0.900000 1.700000 2.899797
0.900000 1.800000 2.758330
0.900000 1.900000 2.636881
0.900000 2.000000 2.534464
0.900000 2.100000 2.450267
0.900000 2.200000 2.383639
0.900000 2.300000 2.334076
0.900000 2.400000 2.301212
0.900000 2.500000 2.284805
0.900000 2.600000 2.284737
0.900000 2.700000 2.301009
0.900000 2.800000 2.333741
0.900000 2.900000 2.383176
0.900000 3.000000 2.449683
0.900000 3.100000 2.533768
0.900000 3.200000 2.636082
0.900000 3.300000 2.757439
0.900000 3.400000 2.898827
0.900000 3.500000 3.061432
0.900000 3.600000 3.246652
0.900000 3.700000 3.456121
0.900000 3.800000 3.691721
0.900000 3.900000 3.955593
0.900000 4.000000 4.250124
0.900000 4.100000 4.577914
0.900000 4.200000 4.941697
0.900000 4.300000 5.344198
0.900000 4.400000 5.787902
0.900000 4.500000 6.274707
0.900000 4.600000 6.805446
0.900000 4.700000 7.379295
0.900000 4.800000 7.993132
0.900000 4.900000 8.640989
0.900000 5.000000 9.313845

1.000000 0.000000 10.000000
1.000000 0.100000 9.365185
1.000000 0.200000 8.740510
1.000000 0.300000 8.135128
1.000000 0.400000 7.556478
1.000000 0.500000 7.009950
1.000000 0.600000 6.498901
1.000000 0.700000 6.024925
1.000000 0.800000 5.588231
1.000000 0.900000 5.188041
1.000000 1.000000 4.822935
1.000000 1.100000 4.491137
1.000000 1.200000 4.190717
1.000000 1.300000 3.919737
1.000000 1.400000 3.676338
1.000000 1.500000 3.458800
1.000000 1.600000 3.265565
1.000000 1.700000 3.095251
1.000000 1.800000 2.946652
1.000000 1.900000 2.818729
1.000000 2.000000 2.710603
1.000000 2.100000 2.621547
1.000000 2.200000 2.550968
1.000000 2.300000 2.498406
1.000000 2.400000 2.463523
1.000000 2.500000 2.446098
1.000000 2.600000 2.446020
1.000000 2.700000 2.463290
1.000000 2.800000 2.498021
1.000000 2.900000 2.550436
1.000000 3.000000 2.620875
1.000000 3.100000 2.709802
1.000000 3.200000 2.817808
1.000000 3.300000 2.945626
1.000000 3.400000 3.094134
1.000000 3.500000 3.264373
1.000000 3.600000 3.457550
1.000000 3.700000 3.675050
1.000000 3.800000 3.918428
1.000000 3.900000 4.189409
1.000000 4.000000 4.489848
1.000000 4.100000 4.821685
1.000000 4.200000 5.186850
1.000000 4.300000 5.587119
1.000000 4.400000 6.023909
1.000000 4.500000 6.497997
1.000000 4.600000 7.009172
1.000000 4.700000 7.555840
1.000000 4.800000 8.134640
1.000000 4.900000 8.740180
1.000000 5.000000 9.365019

1.100000 0.000000 10.000000
1.100000 0.100000 9.406242
1.100000 0.200000 8.820454
1.100000 0.300000 8.249969
1.100000 0.400000 7.700988
1.100000 0.500000 7.178302
1.100000 0.600000 6.685241
1.100000 0.700000 6.223787
1.100000 0.800000 5.794800
1.100000 0.900000 5.398269
1.100000 1.000000 5.033566
1.100000 1.100000 4.699654
1.100000 1.200000 4.395268
1.100000 1.300000 4.119037
1.100000 1.400000 3.869578
1.100000 1.500000 3.645561
1.100000 1.600000 3.445742
1.100000 1.700000 3.268991
1.100000 1.800000 3.114297
1.100000 1.900000 2.980778
1.100000 2.000000 2.867674
1.100000 2.100000 2.774349
1.100000 2.200000 2.700280
1.100000 2.300000 2.645057
1.100000 2.400000 2.608378
1.100000 2.500000 2.590043
1.100000 2.600000 2.589953
1.100000 2.700000 2.608111
1.100000 2.800000 2.644616
1.100000 2.900000 2.699671
1.100000 3.000000 2.773580
1.100000 3.100000 2.866756
1.100000 3.200000 2.979724
1.100000 3.300000 3.113121
1.100000 3.400000 3.267710
1.100000 3.500000 3.444375
1.100000 3.600000 3.644127
1.100000 3.700000 3.868099
1.100000 3.800000 4.117534
1.100000 3.900000 4.393765
1.100000 4.000000 4.698173
1.100000 4.100000 5.032129
1.100000 4.200000 5.396900
1.100000 4.300000 5.793520
1.100000 4.400000 6.222617
1.100000 4.500000 6.684199
1.100000 4.600000 7.177407
1.100000 4.700000 7.700253
1.100000 4.800000 8.249406
1.100000 4.900000 8.820074
1.100000 5.000000 9.406050

1.200000 0.000000 10.000000
1.200000 0.100000 9.439329
1.200000 0.200000 8.885094
1.200000 0.300000 8.343306
1.200000 0.400000 7.819202
1.200000 0.500000 7.317031
1.200000 0.600000 6.839972
1.200000 0.700000 6.390182
1.200000 0.800000 5.968911
1.200000 0.900000 5.576671
1.200000 1.000000 5.213404
1.200000 1.100000 4.878647
1.200000 1.200000 4.571665
1.200000 1.300000 4.291564
1.200000 1.400000 4.037377
1.200000 1.500000 3.808124
1.200000 1.600000 3.602853
1.200000 1.700000 3.420673
1.200000 1.800000 3.260768
1.200000 1.900000 3.122412
1.200000 2.000000 3.004968
1.200000 2.100000 2.907895
1.200000 2.200000 2.830745
1.200000 2.300000 2.773164
1.200000 2.400000 2.734888
1.200000 2.500000 2.715742
1.200000 2.600000 2.715640
1.200000 2.700000 2.734584
1.200000 2.800000 2.772661
1.200000 2.900000 2.830051
1.200000 3.000000 2.907018
1.200000 3.100000 3.003920
1.200000 3.200000 3.121209
1.200000 3.300000 3.259426
1.200000 3.400000 3.419210
1.200000 3.500000 3.601291
1.200000 3.600000 3.806485
1.200000 3.700000 4.035686
1.200000 3.800000 4.289844
1.200000 3.900000 4.569943
1.200000 4.000000 4.876950
1.200000 4.100000 5.211758
1.200000 4.200000 5.575101
1.200000 4.300000 5.967443
1.200000 4.400000 6.388839
1.200000 4.500000 6.838777
1.200000 4.600000 7.316002
1.200000 4.700000 7.818358
1.200000 4.800000 8.342660
1.200000 4.900000 8.884657
1.200000 5.000000 9.439109

1.300000 0.000000 10.000000
1.300000 0.100000 9.465980
1.300000 0.200000 8.937288
1.300000 0.300000 8.418959
1.300000 0.400000 7.915484
1.300000 0.500000 7.430646
1.300000 0.600000 6.967436
1.300000 0.700000 6.528057
1.300000 0.800000 6.113992
1.300000 0.900000 5.726099
1.300000 1.000000 5.364734
1.300000 1.100000 5.029864
1.300000 1.200000 4.721179
1.300000 1.300000 4.438177
1.300000 1.400000 4.180243
1.300000 1.500000 3.946704
1.300000 1.600000 3.736872
1.300000 1.700000 3.550078
1.300000 1.800000 3.385691
1.300000 1.900000 3.243133
1.300000 2.000000 3.121890
1.300000 2.100000 3.021517
1.300000 2.200000 2.941642
1.300000 2.300000 2.881967
1.300000 2.400000 2.842268
1.300000 2.500000 2.822398
1.300000 2.600000 2.822282
1.300000 2.700000 2.841922
1.300000 2.800000 2.881396
1.300000 2.900000 2.940853
1.300000 3.000000 3.020520
1.300000 3.100000 3.120699
1.300000 3.200000 3.241764
1.300000 3.300000 3.384163
1.300000 3.400000 3.548413
1.300000 3.500000 3.735093
1.300000 3.600000 3.944836
1.300000 3.700000 4.178314
1.300000 3.800000 4.436215
1.300000 3.900000 4.719213
1.300000 4.000000 5.027925
1.300000 4.100000 5.362852
1.300000 4.200000 5.724303
1.300000 4.300000 6.112312
1.300000 4.400000 6.526520
1.300000 4.500000 6.966066
1.300000 4.600000 7.429468
1.300000 4.700000 7.914517
1.300000 4.800000 8.418218
1.300000 4.900000 8.936787
1.300000 5.000000 9.465727

1.400000 0.000000 10.000000
1.400000 0.100000 9.487302
1.400000 0.200000 8.979119
1.400000 0.300000 8.479757
1.400000 0.400000 7.993130
1.400000 0.500000 7.522634
1.400000 0.600000 7.071067
1.400000 0.700000 6.640620
1.400000 0.800000 6.232900
1.400000 0.900000 5.849000
1.400000 1.000000 5.489567
1.400000 1.100000 5.154898
1.400000 1.200000 4.845010
1.400000 1.300000 4.559723
1.400000 1.400000 4.298714
1.400000 1.500000 4.061576
1.400000 1.600000 3.847854
1.400000 1.700000 3.657078
1.400000 1.800000 3.488785
1.400000 1.900000 3.342539
1.400000 2.000000 3.217941
1.400000 2.100000 3.114641
1.400000 2.200000 3.032339
1.400000 2.300000 2.970793
1.400000 2.400000 2.929820
1.400000 2.500000 2.909299
1.400000 2.600000 2.909167
1.400000 2.700000 2.929429
1.400000 2.800000 2.970146
1.400000 2.900000 3.031444
1.400000 3.000000 3.113511
1.400000 3.100000 3.216591
1.400000 3.200000 3.340986
1.400000 3.300000 3.487051
1.400000 3.400000 3.655186
1.400000 3.500000 3.845832
1.400000 3.600000 4.059452
1.400000 3.700000 4.296518
1.400000 3.800000 4.557488
1.400000 3.900000 4.842770
1.400000 4.000000 5.152687
1.400000 4.100000 5.487420
1.400000 4.200000 5.846949
1.400000 4.300000 6.230981
1.400000 4.400000 6.638862
1.400000 4.500000 7.069501
1.400000 4.600000 7.521286
1.400000 4.700000 7.992023
1.400000 4.800000 8.478909
1.400000 4.900000 8.978545
1.400000 5.000000 9.487013

1.500000 0.000000 10.000000
1.500000 0.100000 9.504109
1.500000 0.200000 9.012129
1.500000 0.300000 8.527819
1.500000 0.400000 8.054647
1.500000 0.500000 7.595692
1.500000 0.600000 7.153580
1.500000 0.700000 6.730454
1.500000 0.800000 6.327990
1.500000 0.900000 5.947431
1.500000 1.000000 5.589638
1.500000 1.100000 5.255149
1.500000 1.200000 4.944241
1.500000 1.300000 4.656989
1.500000 1.400000 4.393314
1.500000 1.500000 4.153033
1.500000 1.600000 3.935891
1.500000 1.700000 3.741594
1.500000 1.800000 3.569832
1.500000 1.900000 3.420296
1.500000 2.000000 3.292696
1.500000 2.100000 3.186767
1.500000 2.200000 3.102280
1.500000 2.300000 3.039046
1.500000 2.400000 2.996922
1.500000 2.500000 2.975809
1.500000 2.600000 2.975661
1.500000 2.700000 2.996478
1.500000 2.800000 3.038314
1.500000 2.900000 3.101268
1.500000 3.000000 3.185489
1.500000 3.100000 3.291168
1.500000 3.200000 3.418538
1.500000 3.300000 3.567867
1.500000 3.400000 3.739450
1.500000 3.500000 3.933597
1.500000 3.600000 4.150621
1.500000 3.700000 4.390820
1.500000 3.800000 4.654448
1.500000 3.900000 4.941693
1.500000 4.000000 5.252632
1.500000 4.100000 5.587191
1.500000 4.200000 5.945094
1.500000 4.300000 6.325800
1.500000 4.400000 6.728447
1.500000 4.500000 7.151790
1.500000 4.600000 7.594151
1.500000 4.700000 8.053380
1.500000 4.800000 8.526848
1.500000 4.900000 9.011473
1.500000 5.000000 9.503778

1.600000 0.000000 10.000000
1.600000 0.100000 9.517005
1.600000 0.200000 9.037471
1.600000 0.300000 8.564742
1.600000 0.400000 8.101945
1.600000 0.500000 7.651909
1.600000 0.600000 7.217106
1.600000 0.700000 6.799625
1.600000 0.800000 6.401175
1.600000 0.900000 6.023098
1.600000 1.000000 5.666405
1.600000 1.100000 5.331819
1.600000 1.200000 5.019817
1.600000 1.300000 4.730677
1.600000 1.400000 4.464521
1.600000 1.500000 4.221351
1.600000 1.600000 4.001083
1.600000 1.700000 3.803575
1.600000 1.800000 3.628652
1.600000 1.900000 3.476118
1.600000 2.000000 3.345780
1.600000 2.100000 3.237451
1.600000 2.200000 3.150968
1.600000 2.300000 3.086190
1.600000 2.400000 3.043010
1.600000 2.500000 3.021355
1.600000 2.600000 3.021187
1.600000 2.700000 3.042511
1.600000 2.800000 3.085364
1.600000 2.900000 3.149826
1.600000 3.000000 3.236008
1.600000 3.100000 3.344053
1.600000 3.200000 3.474131
1.600000 3.300000 3.626430
1.600000 3.400000 3.801149
1.600000 3.500000 3.998484
1.600000 3.600000 4.218617
1.600000 3.700000 4.461691
1.600000 3.800000 4.727793
1.600000 3.900000 5.016921
1.600000 4.000000 5.328956
1.600000 4.100000 5.663620
1.600000 4.200000 6.020435
1.600000 4.300000 6.398678
1.600000 4.400000 6.797335
1.600000 4.500000 7.215063
1.600000 4.600000 7.650148
1.600000 4.700000 8.100497
1.600000 4.800000 8.563632
1.600000 4.900000 9.036720
1.600000 5.000000 9.516626

1.700000 0.000000 10.000000
1.700000 0.100000 9.526441
1.700000 0.200000 9.056006
1.700000 0.300000 8.591732
1.700000 0.400000 8.136484
1.700000 0.500000 7.692894
1.700000 0.600000 7.263308
1.700000 0.700000 6.849766
1.700000 0.800000 6.453986
1.700000 0.900000 6.077380
1.700000 1.000000 5.721066
1.700000 1.100000 5.385906
1.700000 1.200000 5.072531
1.700000 1.300000 4.781382
1.700000 1.400000 4.512742
1.700000 1.500000 4.266766
1.700000 1.600000 4.043514
1.700000 1.700000 3.842973
1.700000 1.800000 3.665082
1.700000 1.900000 3.509745
1.700000 2.000000 3.376853
1.700000 2.100000 3.266291
1.700000 2.200000 3.177950
1.700000 2.300000 3.111737
1.700000 2.400000 3.067575
1.700000 2.500000 3.045412
1.700000 2.600000 3.045224
1.700000 2.700000 3.067012
1.700000 2.800000 3.110807
1.700000 2.900000 3.176664
1.700000 3.000000 3.264664
1.700000 3.100000 3.374905
1.700000 3.200000 3.507502
1.700000 3.300000 3.662572
1.700000 3.400000 3.840231
1.700000 3.500000 4.040575
1.700000 3.600000 4.263671
1.700000 3.700000 4.509535
1.700000 3.800000 4.778110
1.700000 3.900000 5.069243
1.700000 4.000000 5.382652
1.700000 4.100000 5.717897
1.700000 4.200000 6.074347
1.700000 4.300000 6.451140
1.700000 4.400000 6.847155
1.700000 4.500000 7.260976
1.700000 4.600000 7.690882
1.700000 4.700000 8.134829
1.700000 4.800000 8.590464
1.700000 4.900000 9.055147
1.700000 5.000000 9.526007

1.800000 0.000000 10.000000
1.800000 0.100000 9.532752
1.800000 0.200000 9.068382
1.800000 0.300000 8.609696
1.800000 0.400000 8.159365
1.800000 0.500000 7.719873
1.800000 0.600000 7.293468
1.800000 0.700000 6.882144
1.800000 0.800000 6.487625
1.800000 0.900000 6.111368
1.800000 1.000000 5.754574
1.800000 1.100000 5.418206
1.800000 1.200000 5.103019
1.800000 1.300000 4.809579
1.800000 1.400000 4.538298
1.800000 1.500000 4.289457
1.800000 1.600000 4.063234
1.800000 1.700000 3.859722
1.800000 1.800000 3.678956
1.800000 1.900000 3.520927
1.800000 2.000000 3.385596
1.800000 2.100000 3.272908
1.800000 2.200000 3.182806
1.800000 2.300000 3.115232
1.800000 2.400000 3.070140
1.800000 2.500000 3.047496
1.800000 2.600000 3.047284
1.800000 2.700000 3.069507
1.800000 2.800000 3.114186
1.800000 2.900000 3.181359
1.800000 3.000000 3.271078
1.800000 3.100000 3.383403
1.800000 3.200000 3.518400
1.800000 3.300000 3.676127
1.800000 3.400000 3.856627
1.800000 3.500000 4.059914
1.800000 3.600000 4.285958
1.800000 3.700000 4.534668
1.800000 3.800000 4.805871
1.800000 3.900000 5.099288
1.800000 4.000000 5.414510
1.800000 4.100000 5.750971
1.800000 4.200000 6.107916
1.800000 4.300000 6.484382
1.800000 4.400000 6.879166
1.800000 4.500000 7.290806
1.800000 4.600000 7.717575
1.800000 4.700000 8.157474
1.800000 4.800000 8.608245
1.800000 4.900000 9.067399
1.800000 5.000000 9.532256

1.900000 0.000000 10.000000
1.900000 0.100000 9.536186
1.900000 0.200000 9.075073
1.900000 0.300000 8.619303
1.900000 0.400000 8.171409
1.900000 0.500000 7.733764
1.900000 0.600000 7.308547
1.900000 0.700000 6.897717
1.900000 0.800000 6.503002
1.900000 0.900000 6.125894
1.900000 1.000000 5.767654
1.900000 1.100000 5.429327
1.900000 1.200000 5.111758
1.900000 1.300000 4.815616
1.900000 1.400000 4.541414
1.900000 1.500000 4.289531
1.900000 1.600000 4.060241
1.900000 1.700000 3.853725
1.900000 1.800000 3.670095
1.900000 1.900000 3.509411
1.900000 2.000000 3.371694
1.900000 2.100000 3.256941
1.900000 2.200000 3.165133
1.900000 2.300000 3.096246
1.900000 2.400000 3.050256
1.900000 2.500000 3.027147
1.900000 2.600000 3.026909
1.900000 2.700000 3.049546
1.900000 2.800000 3.095072
1.900000 2.900000 3.163508
1.900000 3.000000 3.254884
1.900000 3.100000 3.369230
1.900000 3.200000 3.506568
1.900000 3.300000 3.666909
1.900000 3.400000 3.850236
1.900000 3.500000 4.056495
1.900000 3.600000 4.285578
1.900000 3.700000 4.537308
1.900000 3.800000 4.811417
1.900000 3.900000 5.107528
1.900000 4.000000 5.425131
1.900000 4.100000 5.763558
1.900000 4.200000 6.121966
1.900000 4.300000 6.499307
1.900000 4.400000 6.894320
1.900000 4.500000 7.305507
1.900000 4.600000 7.731139
1.900000 4.700000 8.169246
1.900000 4.800000 8.617644
1.900000 4.900000 9.073948
1.900000 5.000000 9.535618

2.000000 0.000000 10.000000
2.000000 0.100000 9.536919
2.000000 0.200000 9.076420
2.000000 0.300000 8.621036
2.000000 0.400000 8.173204
2.000000 0.500000 7.735227
2.000000 0.600000 7.309237
2.000000 0.700000 6.897175
2.000000 0.800000 6.500773
2.000000 0.900000 6.121552
2.000000 1.000000 5.760822
2.000000 1.100000 5.419689
2.000000 1.200000 5.099072
2.000000 1.300000 4.799714
2.000000 1.400000 4.522209
2.000000 1.500000 4.267014
2.000000 1.600000 4.034475
2.000000 1.700000 3.824842
2.000000 1.800000 3.638288
2.000000 1.900000 3.474928
2.000000 2.000000 3.334829
2.000000 2.100000 3.218029
2.000000 2.200000 3.124539
2.000000 2.300000 3.054362
2.000000 2.400000 3.007492
2.000000 2.500000 2.983926
2.000000 2.600000 2.983660
2.000000 2.700000 3.006697
2.000000 2.800000 3.053047
2.000000 2.900000 3.122718
2.000000 3.000000 3.215722
2.000000 3.100000 3.332063
2.000000 3.200000 3.471734
2.000000 3.300000 3.634705
2.000000 3.400000 3.820914
2.000000 3.500000 4.030252
2.000000 3.600000 4.262552
2.000000 3.700000 4.517568
2.000000 3.800000 4.794961
2.000000 3.900000 5.094277
2.000000 4.000000 5.414926
2.000000 4.100000 5.756166
2.000000 4.200000 6.117081
2.000000 4.300000 6.496562
2.000000 4.400000 6.893298
2.000000 4.500000 7.305766
2.000000 4.600000 7.732225
2.000000 4.700000 8.170729
2.000000 4.800000 8.619135
2.000000 4.900000 9.075131
2.000000 5.000000 9.536268

2.100000 0.000000 10.000000
2.100000 0.100000 9.535069
2.100000 0.200000 9.072652
2.100000 0.300000 8.615216
2.100000 0.400000 8.165145
2.100000 0.500000 7.724704
2.100000 0.600000 7.296001
2.100000 0.700000 6.880972
2.100000 0.800000 6.481363
2.100000 0.900000 6.098720
2.100000 1.000000 5.734393
2.100000 1.100000 5.389537
2.100000 1.200000 5.065124
2.100000 1.300000 4.761960
2.100000 1.400000 4.480693
2.100000 1.500000 4.221841
2.100000 1.600000 3.985803
2.100000 1.700000 3.772879
2.100000 1.800000 3.583287
2.100000 1.900000 3.417183
2.100000 2.000000 3.274667
2.100000 2.100000 3.155805
2.100000 2.200000 3.060633
2.100000 2.300000 2.989170
2.100000 2.400000 2.941426
2.100000 2.500000 2.917404
2.100000 2.600000 2.917107
2.100000 2.700000 2.940537
2.100000 2.800000 2.987699
2.100000 2.900000 3.058595
2.100000 3.000000 3.153222
2.100000 3.100000 3.271567
2.100000 3.200000 3.413600
2.100000 3.300000 3.579263
2.100000 3.400000 3.768461
2.100000 3.500000 3.981047
2.100000 3.600000 4.216809
2.100000 3.700000 4.475452
2.100000 3.800000 4.756583
2.100000 3.900000 5.059691
2.100000 4.000000 5.384131
2.100000 4.100000 5.729100
2.100000 4.200000 6.093629
2.100000 4.300000 6.476561
2.100000 4.400000 6.876545
2.100000 4.500000 7.292031
2.100000 4.600000 7.721267
2.100000 4.700000 8.162309
2.100000 4.800000 8.613036
2.100000 4.900000 9.071173
2.100000 5.000000 9.534323

2.200000 0.000000 10.000000
2.200000 0.100000 9.530707
2.200000 0.200000 9.063902
2.200000 0.300000 8.602029
2.200000 0.400000 8.147458
2.200000 0.500000 7.702441
2.200000 0.600000 7.269090
2.200000 0.700000 6.849350
2.200000 0.800000 6.444986
2.200000 0.900000 6.057572
2.200000 1.000000 5.688493
2.200000 1.100000 5.338940
2.200000 1.200000 5.009930
2.200000 1.300000 4.702307
2.200000 1.400000 4.416763
2.200000 1.500000 4.153854
2.200000 1.600000 3.914016
2.200000 1.700000 3.697582
2.200000 1.800000 3.504800
2.200000 1.900000 3.335849
2.200000 2.000000 3.190852
2.200000 2.100000 3.069891
2.200000 2.200000 2.973017
2.200000 2.300000 2.900260
2.200000 2.400000 2.851637
2.200000 2.500000 2.827157
2.200000 2.600000 2.826826
2.200000 2.700000 2.850646
2.200000 2.800000 2.898618
2.200000 2.900000 2.970740
2.200000 3.000000 3.067003
2.200000 3.100000 3.187383
2.200000 3.200000 3.331836
2.200000 3.300000 3.500287
2.200000 3.400000 3.692621
2.200000 3.500000 3.908667
2.200000 3.600000 4.148184
2.200000 3.700000 4.410847
2.200000 3.800000 4.696227
2.200000 3.900000 5.003775
2.200000 4.000000 5.332805
2.200000 4.100000 5.682475
2.200000 4.200000 6.051773
2.200000 4.300000 6.439507
2.200000 4.400000 6.844291
2.200000 4.500000 7.264547
2.200000 4.600000 7.698504
2.200000 4.700000 8.144205
2.200000 4.800000 8.599528
2.200000 4.900000 9.062204
2.200000 5.000000 9.529849

2.300000 0.000000 10.000000
2.300000 0.100000 9.523858
2.300000 0.200000 9.050218
2.300000 0.300000 8.581543
2.300000 0.400000 8.120216
2.300000 0.500000 7.668513
2.300000 0.600000 7.228567
2.300000 0.700000 6.802351
2.300000 0.800000 6.391658
2.300000 0.900000 5.998091
2.300000 1.000000 5.623064
2.300000 1.100000 5.267803
2.300000 1.200000 4.933348
2.300000 1.300000 4.620574
2.300000 1.400000 4.330198
2.300000 1.500000 4.062797
2.300000 1.600000 3.818826
2.300000 1.700000 3.598634
2.300000 1.800000 3.402483
2.300000 1.900000 3.230561
2.300000 2.000000 3.083000
2.300000 2.100000 2.959889
2.300000 2.200000 2.861283
2.300000 2.300000 2.787216
2.300000 2.400000 2.737706
2.300000 2.500000 2.712763
2.300000 2.600000 2.712394
2.300000 2.700000 2.736601
2.300000 2.800000 2.785386
2.300000 2.900000 2.858746
2.300000 3.000000 2.956668
2.300000 3.100000 3.079126
2.300000 3.200000 3.226073
2.300000 3.300000 3.397428
2.300000 3.400000 3.593069
2.300000 3.500000 3.812815
2.300000 3.600000 4.056414
2.300000 3.700000 4.323525
2.300000 3.800000 4.613703
2.300000 3.900000 4.926378
2.300000 4.000000 5.260839
2.300000 4.100000 5.616221
2.300000 4.200000 5.991483
2.300000 4.300000 6.385403
2.300000 4.400000 6.796566
2.300000 4.500000 7.223363
2.300000 4.600000 7.663995
2.300000 4.700000 8.116479
2.300000 4.800000 8.578666
2.300000 4.900000 9.048264
2.300000 5.000000 9.522870

2.400000 0.000000 10.000000
2.400000 0.100000 9.514508
2.400000 0.200000 9.031571
2.400000 0.300000 8.553707
2.400000 0.400000 8.083351
2.400000 0.500000 7.622827
2.400000 0.600000 7.174316
2.400000 0.700000 6.739831
2.400000 0.800000 6.321203
2.400000 0.900000 5.920070
2.400000 1.000000 5.537872
2.400000 1.100000 5.175857
2.400000 1.200000 4.835086
2.400000 1.300000 4.516444
2.400000 1.400000 4.220658
2.400000 1.500000 3.948310
2.400000 1.600000 3.699856
2.400000 1.700000 3.475645
2.400000 1.800000 3.275935
2.400000 1.900000 3.100911
2.400000 2.000000 2.950700
2.400000 2.100000 2.825383
2.400000 2.200000 2.725012
2.400000 2.300000 2.649614
2.400000 2.400000 2.599206
2.400000 2.500000 2.573795
2.400000 2.600000 2.573385
2.400000 2.700000 2.597979
2.400000 2.800000 2.647581
2.400000 2.900000 2.722189
2.400000 3.000000 2.821796
2.400000 3.100000 2.946380
2.400000 3.200000 3.095901
2.400000 3.300000 3.270284
2.400000 3.400000 3.469412
2.400000 3.500000 3.693111
2.400000 3.600000 3.941132
2.400000 3.700000 4.213138
2.400000 3.800000 4.508682
2.400000 3.900000 4.827193
2.400000 4.000000 5.167954
2.400000 4.100000 5.530086
2.400000 4.200000 5.912535
2.400000 4.300000 6.314055
2.400000 4.400000 6.733205
2.400000 4.500000 7.168345
2.400000 4.600000 7.617635
2.400000 4.700000 8.079050
2.400000 4.800000 8.550392
2.400000 4.900000 9.029318
2.400000 5.000000 9.513367

2.500000 0.000000 10.000000
2.500000 0.100000 9.502601
2.500000 0.200000 9.007852
2.500000 0.300000 8.518362
2.500000 0.400000 8.036653
2.500000 0.500000 7.565128
2.500000 0.600000 7.106037
2.500000 0.700000 6.661453
2.500000 0.800000 6.233254
2.500000 0.900000 5.823112
2.500000 1.000000 5.432496
2.500000 1.100000 5.062668
2.500000 1.200000 4.714694
2.500000 1.300000 4.389458
2.500000 1.400000 4.087680
2.500000 1.500000 3.809929
2.500000 1.600000 3.556644
2.500000 1.700000 3.328156
2.500000 1.800000 3.124702
2.500000 1.900000 2.946449
2.500000 2.000000 2.793504
2.500000 2.100000 2.665931
2.500000 2.200000 2.563766
2.500000 2.300000 2.487024
2.500000 2.400000 2.435710
2.500000 2.500000 2.409826
2.500000 2.600000 2.409371
2.500000 2.700000 2.434350
2.500000 2.800000 2.484769
2.500000 2.900000 2.560633
2.500000 3.000000 2.661946
2.500000 3.100000 2.788699
2.500000 3.200000 2.940867
2.500000 3.300000 3.118394
2.500000 3.400000 3.321184
2.500000 3.500000 3.549083
2.500000 3.600000 3.801865
2.500000 3.700000 4.079211
2.500000 3.800000 4.380695
2.500000 3.900000 4.705759
2.500000 4.000000 5.053698
2.500000 4.100000 5.423636
2.500000 4.200000 5.814514
2.500000 4.300000 6.225076
2.500000 4.400000 6.653856
2.500000 4.500000 7.099176
2.500000 4.600000 7.559151
2.500000 4.700000 8.031693
2.500000 4.800000 8.514534
2.500000 4.900000 9.005247
2.500000 5.000000 9.501282

2.600000 0.000000 10.000000
2.600000 0.100000 9.488043
2.600000 0.200000 8.978875
2.600000 0.300000 8.475235
2.600000 0.400000 7.979772
2.600000 0.500000 7.494996
2.600000 0.600000 7.023253
2.600000 0.700000 6.566691
2.600000 0.800000 6.127246
2.600000 0.900000 5.706630
2.600000 1.000000 5.306334
2.600000 1.100000 4.927624
2.600000 1.200000 4.571563
2.600000 1.300000 4.239016
2.600000 1.400000 3.930676
2.600000 1.500000 3.647081
2.600000 1.600000 3.388635
2.600000 1.700000 3.155631
2.600000 1.800000 2.948269
2.600000 1.900000 2.766680
2.600000 2.000000 2.610936
2.600000 2.100000 2.481072
2.600000 2.200000 2.377097
2.600000 2.300000 2.299005
2.600000 2.400000 2.246785
2.600000 2.500000 2.220426
2.600000 2.600000 2.219924
2.600000 2.700000 2.245282
2.600000 2.800000 2.296511
2.600000 2.900000 2.373629
2.600000 3.000000 2.476655
2.600000 3.100000 2.605603
2.600000 3.200000 2.760473
2.600000 3.300000 2.941243
2.600000 3.400000 3.147848
2.600000 3.500000 3.380174
2.600000 3.600000 3.638033
2.600000 3.700000 3.921147
2.600000 3.800000 4.229127
2.600000 3.900000 4.561451
2.600000 4.000000 4.917441
2.600000 4.100000 5.296244
2.600000 4.200000 5.696811
2.600000 4.300000 6.117880
2.600000 4.400000 6.557966
2.600000 4.500000 7.015354
2.600000 4.600000 7.488099
2.600000 4.700000 7.974037
2.600000 4.800000 8.470803
2.600000 4.900000 8.975855
2.600000 5.000000 9.486514

2.700000 0.000000 10.000000
2.700000 0.100000 9.470697
2.700000 0.200000 8.944369
2.700000 0.300000 8.423933
2.700000 0.400000 7.912202
2.700000 0.500000 7.411832
2.700000 0.600000 6.925287
2.700000 0.700000 6.454811
2.700000 0.800000 6.002408
2.700000 0.900000 5.569830
2.700000 1.000000 5.158583
2.700000 1.100000 4.769933
2.700000 1.200000 4.404917
2.700000 1.300000 4.064366
2.700000 1.400000 3.748927
2.700000 1.500000 3.459083
2.700000 1.600000 3.195184
2.700000 1.700000 2.957463
2.700000 1.800000 2.746065
2.700000 1.900000 2.561065
2.700000 2.000000 2.402487
2.700000 2.100000 2.270323
2.700000 2.200000 2.164545
2.700000 2.300000 2.085115
2.700000 2.400000 2.031999
2.700000 2.500000 2.005170
2.700000 2.600000 2.004617
2.700000 2.700000 2.030342
2.700000 2.800000 2.082365
2.700000 2.900000 2.160717
2.700000 3.000000 2.265442
2.700000 3.100000 2.396584
2.700000 3.200000 2.554181
2.700000 3.300000 2.738254
2.700000 3.400000 2.948791
2.700000 3.500000 3.185731
2.700000 3.600000 3.448945
2.700000 3.700000 3.738216
2.700000 3.800000 4.053215
2.700000 3.900000 4.393476
2.700000 4.000000 4.758372
2.700000 4.100000 5.147090
2.700000 4.200000 5.558606
2.700000 4.300000 5.991667
2.700000 4.400000 6.444774
2.700000 4.500000 6.916173
2.700000 4.600000 7.403853
2.700000 4.700000 7.905554
2.700000 4.800000 8.418785
2.700000 4.900000 8.940857
2.700000 5.000000 9.468917

2.800000 0.000000 10.000000
2.800000 0.100000 9.450377
2.800000 0.200000 8.903969
2.800000 0.300000 8.363927
2.800000 0.400000 7.833271
2.800000 0.500000 7.314841
2.800000 0.600000 6.811253
2.800000 0.700000 6.324860
2.800000 0.800000 5.857744
2.800000 0.900000 5.411698
2.800000 1.000000 4.988237
2.800000 1.100000 4.588607
2.800000 1.200000 4.213805
2.800000 1.300000 3.864605
2.800000 1.400000 3.541581
2.800000 1.500000 3.245142
2.800000 1.600000 2.975554
2.800000 1.700000 2.732972
2.800000 1.800000 2.517462
2.800000 1.900000 2.329027
2.800000 2.000000 2.167625
2.800000 2.100000 2.033190
2.800000 2.200000 1.925644
2.800000 2.300000 1.844910
2.800000 2.400000 1.790924
2.800000 2.500000 1.763639
2.800000 2.600000 1.763032
2.800000 2.700000 1.789105
2.800000 2.800000 1.841888
2.800000 2.900000 1.921433
2.800000 3.000000 2.027812
2.800000 3.100000 2.161109
2.800000 3.200000 2.321413
2.800000 3.300000 2.508803
2.800000 3.400000 2.723332
2.800000 3.500000 2.965014
2.800000 3.600000 3.233801
2.800000 3.700000 3.529558
2.800000 3.800000 3.852041
2.800000 3.900000 4.200866
2.800000 4.000000 4.575481
2.800000 4.100000 4.975136
2.800000 4.200000 5.398855
2.800000 4.300000 5.845407
2.800000 4.400000 6.313291
2.800000 4.500000 6.800713
2.800000 4.600000 7.305587
2.800000 4.700000 7.825540
2.800000 4.800000 8.357928
2.800000 4.900000 8.899871
2.800000 5.000000 9.448297

2.900000 0.000000 10.000000
2.900000 0.100000 9.426841
2.900000 0.200000 8.857205
2.900000 0.300000 8.294533
2.900000 0.400000 7.742113
2.900000 0.500000 7.203011
2.900000 0.600000 6.680021
2.900000 0.700000 6.175633
2.900000 0.800000 5.692009
2.900000 0.900000 5.230981
2.900000 1.000000 4.794060
2.900000 1.100000 4.382453
2.900000 1.200000 3.997093
2.900000 1.300000 3.638667
2.900000 1.400000 3.307652
2.900000 1.500000 3.004350
2.900000 1.600000 2.728920
2.900000 1.700000 2.481409
2.900000 1.800000 2.261784
2.900000 1.900000 2.069955
2.900000 2.000000 1.905796
2.900000 2.100000 1.769168
2.900000 2.200000 1.659931
2.900000 2.300000 1.577959
2.900000 2.400000 1.523149
2.900000 2.500000 1.495430
2.900000 2.600000 1.494766
2.900000 2.700000 1.521159
2.900000 2.800000 1.574649
2.900000 2.900000 1.655314
2.900000 3.000000 1.763263
2.900000 3.100000 1.898629
2.900000 3.200000 2.061561
2.900000 3.300000 2.252211
2.900000 3.400000 2.470719
2.900000 3.500000 2.717192
2.900000 3.600000 2.991686
2.900000 3.700000 3.294174
2.900000 3.800000 3.624525
2.900000 3.900000 3.982467
2.900000 4.000000 4.367551
2.900000 4.100000 4.779120
2.900000 4.200000 5.216270
2.900000 4.300000 5.677817
2.900000 4.400000 6.162269
2.900000 4.500000 6.667799
2.900000 4.600000 7.192242
2.900000 4.700000 7.733091
2.900000 4.800000 8.287516
2.900000 4.900000 8.852402
2.900000 5.000000 9.424401

3.000000 0.000000 10.000000
3.000000 0.100000 9.399783
3.000000 0.200000 8.803476
3.000000 0.300000 8.214889
3.000000 0.400000 7.637638
3.000000 0.500000 7.075067
3.000000 0.600000 6.530189
3.000000 0.700000 6.005642
3.000000 0.800000 5.503678
3.000000 0.900000 5.026158
3.000000 1.000000 4.574568
3.000000 1.100000 4.150052
3.000000 1.200000 3.753446
3.000000 1.300000 3.385317
3.000000 1.400000 3.046010
3.000000 1.500000 2.735686
3.000000 1.600000 2.454365
3.000000 1.700000 2.201960
3.000000 1.800000 1.978311
3.000000 1.900000 1.783213
3.000000 2.000000 1.616437
3.000000 2.100000 1.477755
3.000000 2.200000 1.366952
3.000000 2.300000 1.283844
3.000000 2.400000 1.228283
3.000000 2.500000 1.200167
3.000000 2.600000 1.199444
3.000000 2.700000 1.226115
3.000000 2.800000 1.280236
3.000000 2.900000 1.361912
3.000000 3.000000 1.471297
3.000000 3.100000 1.608581
3.000000 3.200000 1.773989
3.000000 3.300000 1.967762
3.000000 3.400000 2.190141
3.000000 3.500000 2.441351
3.000000 3.600000 2.721575
3.000000 3.700000 3.030928
3.000000 3.800000 3.369420
3.000000 3.900000 3.736924
3.000000 4.000000 4.133135
3.000000 4.100000 4.557522
3.000000 4.200000 5.009288
3.000000 4.300000 5.487324
3.000000 4.400000 5.990167
3.000000 4.500000 6.515974
3.000000 4.600000 7.062492
3.000000 4.700000 7.627065
3.000000 4.800000 8.206642
3.000000 4.900000 8.797820
3.000000 5.000000 9.396906

3.100000 0.000000 10.000000
3.100000 0.100000 9.368814
3.100000 0.200000 8.742027
3.100000 0.300000 8.123908
3.100000 0.400000 7.518482
3.100000 0.500000 6.929432
3.100000 0.600000 6.360024
3.100000 0.700000 5.813069
3.100000 0.800000 5.290905
3.100000 0.900000 4.795403
3.100000 1.000000 4.328002
3.100000 1.100000 3.889743
3.100000 1.200000 3.481322
3.100000 1.300000 3.103146
3.100000 1.400000 2.755384
3.100000 1.500000 2.438019
3.100000 1.600000 2.150894
3.100000 1.700000 1.893755
3.100000 1.800000 1.666288
3.100000 1.900000 1.468148
3.100000 2.000000 1.298983
3.100000 2.100000 1.158461
3.100000 2.200000 1.046280
3.100000 2.300000 0.962183
3.100000 2.400000 0.905972
3.100000 2.500000 0.877510
3.100000 2.600000 0.876726
3.100000 2.700000 0.903622
3.100000 2.800000 0.958268
3.100000 2.900000 1.040803
3.100000 3.000000 1.151430
3.100000 3.100000 1.290411
3.100000 3.200000 1.458054
3.100000 3.300000 1.654706
3.100000 3.400000 1.880731
3.100000 3.500000 2.136495
3.100000 3.600000 2.422337
3.100000 3.700000 2.738542
3.100000 3.800000 3.085302
3.100000 3.900000 3.462676
3.100000 4.000000 3.870543
3.100000 4.100000 4.308545
3.100000 4.200000 4.776036
3.100000 4.300000 5.272021
3.100000 4.400000 5.795103
3.100000 4.500000 6.343436
3.100000 4.600000 6.914688
3.100000 4.700000 7.506035
3.100000 4.800000 8.114167
3.100000 4.900000 8.735329
3.100000 5.000000 9.365402

3.200000 0.000000 10.000000
3.200000 0.100000 9.333448
3.200000 0.200000 8.671910
3.200000 0.300000 8.020234
3.200000 0.400000 7.382952
3.200000 0.500000 6.764153
3.200000 0.600000 6.167406
3.200000 0.700000 5.595705
3.200000 0.800000 5.051467
3.200000 0.900000 4.536549
3.200000 1.000000 4.052294
3.200000 1.100000 3.599594
3.200000 1.200000 3.178953
3.200000 1.300000 2.790562
3.200000 1.400000 2.434362
3.200000 1.500000 2.110112
3.200000 1.600000 1.817437
3.200000 1.700000 1.555879
3.200000 1.800000 1.324939
3.200000 1.900000 1.124107
3.200000 2.000000 0.952888
3.200000 2.100000 0.810827
3.200000 2.200000 0.697522
3.200000 2.300000 0.612637
3.200000 2.400000 0.555913
3.200000 2.500000 0.527174
3.200000 2.600000 0.526329
3.200000 2.700000 0.553378
3.200000 2.800000 0.608410
3.200000 2.900000 0.691600
3.200000 3.000000 0.803210
3.200000 3.100000 0.943577
3.200000 3.200000 1.113111
3.200000 3.300000 1.312277
3.200000 3.400000 1.541583
3.200000 3.500000 1.801561
3.200000 3.600000 2.092736
3.200000 3.700000 2.415600
3.200000 3.800000 2.770569
3.200000 3.900000 3.157935
3.200000 4.000000 3.577814
3.200000 4.100000 4.030079
3.200000 4.200000 4.514291
3.200000 4.300000 5.029623
3.200000 4.400000 5.574790
3.200000 4.500000 6.147977
3.200000 4.600000 6.746789
3.200000 4.700000 7.368222
3.200000 4.800000 8.008660
3.200000 4.900000 8.663928
3.200000 5.000000 9.329374

3.300000 0.000000 10.000000
3.300000 0.100000 9.293067
3.300000 0.200000 8.591931
3.300000 0.300000 7.902168
3.300000 0.400000 7.228937
3.300000 0.500000 6.576824
3.300000 0.600000 5.949741
3.300000 0.700000 5.350879
3.300000 0.800000 4.782710
3.300000 0.900000 4.247031
3.300000 1.000000 3.745032
3.300000 1.100000 3.277385
3.300000 1.200000 2.844334
3.300000 1.300000 2.445785
3.300000 1.400000 2.081392
3.300000 1.500000 1.750630
3.300000 1.600000 1.452861
3.300000 1.700000 1.187385
3.300000 1.800000 0.953482
3.300000 1.900000 0.750452
3.300000 2.000000 0.577635
3.300000 2.100000 0.434437
3.300000 2.200000 0.320344
3.300000 2.300000 0.234930
3.300000 2.400000 0.177870
3.300000 2.500000 0.148944
3.300000 2.600000 0.148039
3.300000 2.700000 0.175152
3.300000 2.800000 0.230393
3.300000 2.900000 0.313979
3.300000 3.000000 0.426232
3.300000 3.100000 0.567578
3.300000 3.200000 0.738535
3.300000 3.300000 0.939707
3.300000 3.400000 1.171764
3.300000 3.500000 1.435429
3.300000 3.600000 1.731446
3.300000 3.700000 2.060554
3.300000 3.800000 2.423438
3.300000 3.900000 2.820682
3.300000 4.000000 3.252701
3.300000 4.100000 3.719667
3.300000 4.200000 4.221424
3.300000 4.300000 4.757389
3.300000 4.400000 5.326455
3.300000 4.500000 5.926893
3.300000 4.600000 6.556271
3.300000 4.700000 7.211401
3.300000 4.800000 7.888324
3.300000 4.900000 8.582350
3.300000 5.000000 9.288166

3.400000 0.000000 10.000000
3.400000 0.100000 9.246889
3.400000 0.200000 8.500578
3.400000 0.300000 7.767569
3.400000 0.400000 7.053804
3.400000 0.500000 6.364465
3.400000 0.600000 5.703856
3.400000 0.700000 5.075360
3.400000 0.800000 4.481464
3.400000 0.900000 3.923833
3.400000 1.000000 3.403419
3.400000 1.100000 2.920582
3.400000 1.200000 2.475213
3.400000 1.300000 2.066852
3.400000 1.400000 1.694789
3.400000 1.500000 1.358156
3.400000 1.600000 1.055994
3.400000 1.700000 0.787316
3.400000 1.800000 0.551153
3.400000 1.900000 0.346583
3.400000 2.000000 0.172763
3.400000 2.100000 0.028944
3.400000 2.200000 -0.085514
3.400000 2.300000 -0.171132
3.400000 2.400000 -0.228307
3.400000 2.500000 -0.257308
3.400000 2.600000 -0.258271
3.400000 2.700000 -0.231200
3.400000 2.800000 -0.175967
3.400000 2.900000 -0.092311
3.400000 3.000000 0.020161
3.400000 3.100000 0.161966
3.400000 3.200000 0.333745
3.400000 3.300000 0.536251
3.400000 3.400000 0.770338
3.400000 3.500000 1.036944
3.400000 3.600000 1.337067
3.400000 3.700000 1.671732
3.400000 3.800000 2.041949
3.400000 3.900000 2.448654
3.400000 4.000000 2.892639
3.400000 4.100000 3.374464
3.400000 4.200000 3.894349
3.400000 4.300000 4.452055
3.400000 4.400000 5.046749
3.400000 4.500000 5.676868
3.400000 4.600000 6.340002
3.400000 4.700000 7.032789
3.400000 4.800000 7.750883
3.400000 4.900000 8.488981
3.400000 5.000000 9.240941

3.500000 0.000000 10.000000
3.500000 0.100000 9.193911
3.500000 0.200000 8.395923
3.500000 0.300000 7.613727
3.500000 0.400000 6.854244
3.500000 0.500000 6.123375
3.500000 0.600000 5.425857
3.500000 0.700000 4.765241
3.500000 0.800000 4.143952
3.500000 0.900000 3.563417
3.500000 1.000000 3.024228
3.500000 1.100000 2.526309
3.500000 1.200000 2.069084
3.500000 1.300000 1.651620
3.500000 1.400000 1.272758
3.500000 1.500000 0.931210
3.500000 1.600000 0.625641
3.500000 1.700000 0.354734
3.500000 1.800000 0.117230
3.500000 1.900000 -0.088035
3.500000 2.000000 -0.262111
3.500000 2.100000 -0.405911
3.500000 2.200000 -0.520211
3.500000 2.300000 -0.605636
3.500000 2.400000 -0.662659
3.500000 2.500000 -0.691597
3.500000 2.600000 -0.692614
3.500000 2.700000 -0.665716
3.500000 2.800000 -0.610752
3.500000 2.900000 -0.527415
3.500000 3.000000 -0.415243
3.500000 3.100000 -0.273618
3.500000 3.200000 -0.101771
3.500000 3.300000 0.101215
3.500000 3.400000 0.336392
3.500000 3.500000 0.604941
3.500000 3.600000 0.908144
3.500000 3.700000 1.247358
3.500000 3.800000 1.623971
3.500000 3.900000 2.039345
3.500000 4.000000 2.494738
3.500000 4.100000 2.991201
3.500000 4.200000 3.529454
3.500000 4.300000 4.109734
3.500000 4.400000 4.731616
3.500000 4.500000 5.393831
3.500000 4.600000 6.094078
3.500000 4.700000 6.828869
3.500000 4.800000 7.593440
3.500000 4.900000 8.381749
3.500000 5.000000 9.186618

3.600000 0.000000 10.000000
3.600000 0.100000 9.132832
3.600000 0.200000 8.275478
3.600000 0.300000 7.437171
3.600000 0.400000 6.626071
3.600000 0.500000 5.848933
3.600000 0.600000 5.110958
3.600000 0.700000 4.415796
3.600000 0.800000 3.765686
3.600000 0.900000 3.161657
3.600000 1.000000 2.603767
3.600000 1.100000 2.091344
3.600000 1.200000 1.623193
3.600000 1.300000 1.197787
3.600000 1.400000 0.813413
3.600000 1.500000 0.468284
3.600000 1.600000 0.160628
3.600000 1.700000 -0.111251
3.600000 1.800000 -0.348931
3.600000 1.900000 -0.553844
3.600000 2.000000 -0.727258
3.600000 2.100000 -0.870267
3.600000 2.200000 -0.983784
3.600000 2.300000 -1.068543
3.600000 2.400000 -1.125094
3.600000 2.500000 -1.153808
3.600000 2.600000 -1.154873
3.600000 2.700000 -1.128297
3.600000 2.800000 -1.073909
3.600000 2.900000 -0.991356
3.600000 3.000000 -0.880101
3.600000 3.100000 -0.739426
3.600000 3.200000 -0.568426
3.600000 3.300000 -0.366014
3.600000 3.400000 -0.130924
3.600000 3.500000 0.138285
3.600000 3.600000 0.443211
3.600000 3.700000 0.785585
3.600000 3.800000 1.167232
3.600000 3.900000 1.590018
3.600000 4.000000 2.055766
3.600000 4.100000 2.566147
3.600000 4.200000 3.122533
3.600000 4.300000 3.725809
3.600000 4.400000 4.376150
3.600000 4.500000 5.072761
3.600000 4.600000 5.813609
3.600000 4.700000 6.595171
3.600000 4.800000 7.412258
3.600000 4.900000 8.257959
3.600000 5.000000 9.123780

3.700000 0.000000 10.000000
3.700000 0.100000 9.061937
3.700000 0.200000 8.135985
3.700000 0.300000 7.233408
3.700000 0.400000 6.363935
3.700000 0.500000 5.535330
3.700000 0.600000 4.753244
3.700000 0.700000 4.021299
3.700000 0.800000 3.341339
3.700000 0.900000 2.713756
3.700000 1.000000 2.137841
3.700000 1.100000 1.612105
3.700000 1.200000 1.134556
3.700000 1.300000 0.702923
3.700000 1.400000 0.314822
3.700000 1.500000 -0.032116
3.700000 1.600000 -0.340163
3.700000 1.700000 -0.611435
3.700000 1.800000 -0.847859
3.700000 1.900000 -1.051152
3.700000 2.000000 -1.222812
3.700000 2.100000 -1.364114
3.700000 2.200000 -1.476116
3.700000 2.300000 -1.559657
3.700000 2.400000 -1.615368
3.700000 2.500000 -1.643668
3.700000 2.600000 -1.644771
3.700000 2.700000 -1.618690
3.700000 2.800000 -1.565232
3.700000 2.900000 -1.483997
3.700000 3.000000 -1.374379
3.700000 3.100000 -1.235557
3.700000 3.200000 -1.066492
3.700000 3.300000 -0.865922
3.700000 3.400000 -0.632359
3.700000 3.500000 -0.364087
3.700000 3.600000 -0.059169
3.700000 3.700000 0.284537
3.700000 3.800000 0.669353
3.700000 3.900000 1.097728
3.700000 4.000000 1.572161
3.700000 4.100000 2.095090
3.700000 4.200000 2.668722
3.700000 4.300000 3.294820
3.700000 4.400000 3.974414
3.700000 4.500000 4.707454
3.700000 4.600000 5.492425
3.700000 4.700000 6.325949
3.700000 4.800000 7.202462
3.700000 4.900000 8.114047
3.700000 5.000000 9.050544

3.800000 0.000000 10.000000
3.800000 0.100000 8.978933
3.800000 0.200000 7.973118
3.800000 0.300000 6.996541
3.800000 0.400000 6.060930
3.800000 0.500000 5.175208
3.800000 0.600000 4.345388
3.800000 0.700000 3.574817
3.800000 0.800000 2.864614
3.800000 0.900000 2.214188
3.800000 1.000000 1.621736
3.800000 1.100000 1.084679
3.800000 1.200000 0.600005
3.800000 1.300000 0.164526
3.800000 1.400000 -0.224931
3.800000 1.500000 -0.571406
3.800000 1.600000 -0.877727
3.800000 1.700000 -1.146467
3.800000 1.800000 -1.379919
3.800000 1.900000 -1.580094
3.800000 2.000000 -1.748722
3.800000 2.100000 -1.887261
3.800000 2.200000 -1.996907
3.800000 2.300000 -2.078603
3.800000 2.400000 -2.133052
3.800000 2.500000 -2.160723
3.800000 2.600000 -2.161855
3.800000 2.700000 -2.136461
3.800000 2.800000 -2.084330
3.800000 2.900000 -2.005022
3.800000 3.000000 -1.897861
3.800000 3.100000 -1.761931
3.800000 3.200000 -1.596063
3.800000 3.300000 -1.398824
3.800000 3.400000 -1.168503
3.800000 3.500000 -0.903105
3.800000 3.600000 -0.600338
3.800000 3.700000 -0.257619
3.800000 3.800000 0.127917
3.800000 3.900000 0.559380
3.800000 4.000000 1.040062
3.800000 4.100000 1.573328
3.800000 4.200000 2.162445
3.800000 4.300000 2.810336
3.800000 4.400000 3.519230
3.800000 4.500000 4.290217
3.800000 4.600000 5.122688
3.800000 4.700000 6.013739
3.800000 4.800000 6.957593
3.800000 4.900000 7.945223
3.800000 5.000000 8.964350

3.900000 0.000000 10.000000
3.900000 0.100000 8.880675
3.900000 0.200000 7.781013
3.900000 0.300000 6.718708
3.900000 0.400000 5.708037
3.900000 0.500000 4.759183
3.900000 0.600000 3.878284
3.900000 0.700000 3.067968
3.900000 0.800000 2.328112
3.900000 0.900000 1.656644
3.900000 1.000000 1.050236
3.900000 1.100000 0.504872
3.900000 1.200000 0.016257
3.900000 1.300000 -0.419892
3.900000 1.400000 -0.807665
3.900000 1.500000 -1.150850
3.900000 1.600000 -1.452874
3.900000 1.700000 -1.716787
3.900000 1.800000 -1.945256
3.900000 1.900000 -2.140582
3.900000 2.000000 -2.304721
3.900000 2.100000 -2.439302
3.900000 2.200000 -2.545647
3.900000 2.300000 -2.624796
3.900000 2.400000 -2.677516
3.900000 2.500000 -2.704318
3.900000 2.600000 -2.705463
3.900000 2.700000 -2.680969
3.900000 2.800000 -2.630606
3.900000 2.900000 -2.553899
3.900000 3.000000 -2.450112
3.900000 3.100000 -2.318244
3.900000 3.200000 -2.157006
3.900000 3.300000 -1.964807
3.900000 3.400000 -1.739725
3.900000 3.500000 -1.479491
3.900000 3.600000 -1.181460
3.900000 3.700000 -0.842593
3.900000 3.800000 -0.459447
3.900000 3.900000 -0.028188
3.900000 4.000000 0.455378
3.900000 4.100000 0.995714
3.900000 4.200000 1.597395
3.900000 4.300000 2.264848
3.900000 4.400000 3.001956
3.900000 4.500000 3.811494
3.900000 4.600000 4.694372
3.900000 4.700000 5.648725
3.900000 4.800000 6.668949
3.900000 4.900000 7.744903
3.900000 5.000000 8.861634

4.000000 0.000000 10.000000
4.000000 0.100000 8.762754
4.000000 0.200000 7.551551
4.000000 0.300000 6.389243
4.000000 0.400000 5.293326
4.000000 0.500000 4.275203
4.000000 0.600000 3.340599
4.000000 0.700000 2.490657
4.000000 0.800000 1.723224
4.000000 0.900000 1.034040
4.000000 1.000000 0.417693
4.000000 1.100000 -0.131686
4.000000 1.200000 -0.619957
4.000000 1.300000 -1.052686
4.000000 1.400000 -1.434988
4.000000 1.500000 -1.771454
4.000000 1.600000 -2.066133
4.000000 1.700000 -2.322550
4.000000 1.800000 -2.543734
4.000000 1.900000 -2.732258
4.000000 2.000000 -2.890280
4.000000 2.100000 -3.019577
4.000000 2.200000 -3.121584
4.000000 2.300000 -3.197417
4.000000 2.400000 -3.247897
4.000000 2.500000 -3.273569
4.000000 2.600000 -3.274712
4.000000 2.700000 -3.251345
4.000000 2.800000 -3.203228
4.000000 2.900000 -3.129855
4.000000 3.000000 -3.030445
4.000000 3.100000 -2.903926
4.000000 3.200000 -2.748911
4.000000 3.300000 -2.563671
4.000000 3.400000 -2.346100
4.000000 3.500000 -2.093675
4.000000 3.600000 -1.803418
4.000000 3.700000 -1.471844
4.000000 3.800000 -1.094926
4.000000 3.900000 -0.668063
4.000000 4.000000 -0.186075
4.000000 4.100000 0.356756
4.000000 4.200000 0.966572
4.000000 4.300000 1.649703
4.000000 4.400000 2.412252
4.000000 4.500000 3.259431
4.000000 4.600000 4.194579
4.000000 4.700000 5.217841
4.000000 4.800000 6.324574
4.000000 4.900000 7.503804
4.000000 5.000000 8.737284

4.100000 0.000000 10.000000
4.100000 0.100000 8.618790
4.100000 0.200000 7.273195
4.100000 0.300000 5.993384
4.100000 0.400000 4.800823
4.100000 0.500000 3.707703
4.100000 0.600000 2.718251
4.100000 0.700000 1.830837
4.100000 0.800000 1.040087
4.100000 0.900000 0.338599
4.100000 1.000000 -0.281819
4.100000 1.100000 -0.829351
4.100000 1.200000 -1.311712
4.100000 1.300000 -1.735908
4.100000 1.400000 -2.108148
4.100000 1.500000 -2.433844
4.100000 1.600000 -2.717655
4.100000 1.700000 -2.963547
4.100000 1.800000 -3.174872
4.100000 1.900000 -3.354437
4.100000 2.000000 -3.504562
4.100000 2.100000 -3.627144
4.100000 2.200000 -3.723696
4.100000 2.300000 -3.795390
4.100000 2.400000 -3.843085
4.100000 2.500000 -3.867349
4.100000 2.600000 -3.868470
4.100000 2.700000 -3.846472
4.100000 2.800000 -3.801105
4.100000 2.900000 -3.731847
4.100000 3.000000 -3.637887
4.100000 3.100000 -3.518104
4.100000 3.200000 -3.371042
4.100000 3.300000 -3.194867
4.100000 3.400000 -2.987327
4.100000 3.500000 -2.745692
4.100000 3.600000 -2.466692
4.100000 3.700000 -2.146439
4.100000 3.800000 -1.780349
4.100000 3.900000 -1.363062
4.100000 4.000000 -0.888371
4.100000 4.100000 -0.349187
4.100000 4.200000 0.262435
4.100000 4.300000 0.955142
4.100000 4.400000 1.737919
4.100000 4.500000 2.619398
4.100000 4.600000 3.606675
4.100000 4.700000 4.703484
4.100000 4.800000 5.907704
4.100000 4.900000 7.208455
4.100000 5.000000 8.583696

4.200000 0.000000 10.000000
4.200000 0.100000 8.439211
4.200000 0.200000 6.929055
4.200000 0.300000 5.510276
4.200000 0.400000 4.208879
4.200000 0.500000 3.036535
4.200000 0.600000 1.993864
4.200000 0.700000 1.074354
4.200000 0.800000 0.267687
4.200000 0.900000 -0.437913
4.200000 1.000000 -1.054216
4.200000 1.100000 -1.592188
4.200000 1.200000 -2.061633
4.200000 1.300000 -2.471084
4.200000 1.400000 -2.827851
4.200000 1.500000 -3.138121
4.200000 1.600000 -3.407094
4.200000 1.700000 -3.639109
4.200000 1.800000 -3.837772
4.200000 1.900000 -4.006054
4.200000 2.000000 -4.146389
4.200000 2.100000 -4.260740
4.200000 2.200000 -4.350666
4.200000 2.300000 -4.417363
4.200000 2.400000 -4.461706
4.200000 2.500000 -4.484270
4.200000 2.600000 -4.485349
4.200000 2.700000 -4.464967
4.200000 2.800000 -4.422873
4.200000 2.900000 -4.358542
4.200000 3.000000 -4.271151
4.200000 3.100000 -4.159563
4.200000 3.200000 -4.022284
4.200000 3.300000 -3.857428
4.200000 3.400000 -3.662648
4.200000 3.500000 -3.435075
4.200000 3.600000 -3.171219
4.200000 3.700000 -2.866870
4.200000 3.800000 -2.516969
4.200000 3.900000 -2.115465
4.200000 4.000000 -1.655161
4.200000 4.100000 -1.127568
4.200000 4.200000 -0.522786
4.200000 4.300000 0.170509
4.200000 4.400000 0.964883
4.200000 4.500000 1.873569
4.200000 4.600000 2.909237
4.200000 4.700000 4.081716
4.200000 4.800000 5.394304
4.200000 4.900000 6.838616
4.200000 5.000000 8.389047

4.300000 0.000000 10.000000
4.300000 0.100000 8.208999
4.300000 0.200000 6.493537
4.300000 0.300000 4.909784
4.300000 0.400000 3.487883
4.300000 0.500000 2.235696
4.300000 0.600000 1.146315
4.300000 0.700000 0.205029
4.300000 0.800000 -0.605779
4.300000 0.900000 -1.303721
4.300000 1.000000 -1.904942
4.300000 1.100000 -2.423554
4.300000 1.200000 -2.871546
4.300000 1.300000 -3.258946
4.300000 1.400000 -3.594051
4.300000 1.500000 -3.883696
4.300000 1.600000 -4.133490
4.300000 1.700000 -4.348025
4.300000 1.800000 -4.531051
4.300000 1.900000 -4.685620
4.300000 2.000000 -4.814198
4.300000 2.100000 -4.918761
4.300000 2.200000 -5.000863
4.300000 2.300000 -5.061691
4.300000 2.400000 -5.102106
4.300000 2.500000 -5.122676
4.300000 2.600000 -5.123690
4.300000 2.700000 -5.105172
4.300000 2.800000 -5.066879
4.300000 2.900000 -5.008295
4.300000 3.000000 -4.928614
4.300000 3.100000 -4.826711
4.300000 3.200000 -4.701106
4.300000 3.300000 -4.549911
4.300000 3.400000 -4.370764
4.300000 3.500000 -4.160739
4.300000 3.600000 -3.916239
4.300000 3.700000 -3.632854
4.300000 3.800000 -3.305192
4.300000 3.900000 -2.926667
4.300000 4.000000 -2.489241
4.300000 4.100000 -1.983138
4.300000 4.200000 -1.396521
4.300000 4.300000 -0.715202
4.300000 4.400000 0.077535
4.300000 4.500000 1.000757
4.300000 4.600000 2.074987
4.300000 4.700000 3.319840
4.300000 4.800000 4.749179
4.300000 4.900000 6.362658
4.300000 5.000000 8.133875

4.400000 0.000000 10.000000
4.400000 0.100000 7.903249
4.400000 0.200000 5.926311
4.400000 0.300000 4.147440
4.400000 0.400000 2.597174
4.400000 0.500000 1.272048
4.400000 0.600000 0.150672
4.400000 0.700000 -0.794775
4.400000 0.800000 -1.592112
4.400000 0.900000 -2.266250
4.400000 1.000000 -2.838279
4.400000 1.100000 -3.325537
4.400000 1.200000 -3.742054
4.400000 1.300000 -4.099101
4.400000 1.400000 -4.405710
4.400000 1.500000 -4.669122
4.400000 1.600000 -4.895146
4.400000 1.700000 -5.088450
4.400000 1.800000 -5.252788
4.400000 1.900000 -5.391175
4.400000 2.000000 -5.506023
4.400000 2.100000 -5.599244
4.400000 2.200000 -5.672335
4.400000 2.300000 -5.726430
4.400000 2.400000 -5.762352
4.400000 2.500000 -5.780638
4.400000 2.600000 -5.781564
4.400000 2.700000 -5.765153
4.400000 2.800000 -5.731176
4.400000 2.900000 -5.679146
4.400000 3.000000 -5.608298
4.400000 3.100000 -5.517560
4.400000 3.200000 -5.405516
4.400000 3.300000 -5.270347
4.400000 3.400000 -5.109758
4.400000 3.500000 -4.920880
4.400000 3.600000 -4.700143
4.400000 3.700000 -4.443115
4.400000 3.800000 -4.144280
4.400000 3.900000 -3.796769
4.400000 4.000000 -3.391998
4.400000 4.100000 -2.919222
4.400000 4.200000 -2.364960
4.400000 4.300000 -1.712329
4.400000 4.400000 -0.940300
4.400000 4.500000 -0.023061
4.400000 4.600000 1.070114
4.400000 4.700000 2.373478
4.400000 4.800000 3.919914
4.400000 4.900000 5.728961
4.400000 5.000000 7.783794

4.500000 0.000000 10.000000
4.500000 0.100000 7.477686
4.500000 0.200000 5.161019
4.500000 0.300000 3.156492
4.500000 0.400000 1.481325
4.500000 0.500000 0.104650
4.500000 0.600000 -1.020899
4.500000 0.700000 -1.942688
4.500000 0.800000 -2.701646
4.500000 0.900000 -3.330887
4.500000 1.000000 -3.856388
4.500000 1.100000 -4.298263
4.500000 1.200000 -4.672031
4.500000 1.300000 -4.989693
4.500000 1.400000 -5.260567
4.500000 1.500000 -5.491937
4.500000 1.600000 -5.689522
4.500000 1.700000 -5.857841
4.500000 1.800000 -6.000476
4.500000 1.900000 -6.120270
4.500000 2.000000 -6.219473
4.500000 2.100000 -6.299859
4.500000 2.200000 -6.362802
4.500000 2.300000 -6.409344
4.500000 2.400000 -6.440233
4.500000 2.500000 -6.455959
4.500000 2.600000 -6.456774
4.500000 2.700000 -6.442698
4.500000 2.800000 -6.413526
4.500000 2.900000 -6.368816
4.500000 3.000000 -6.307871
4.500000 3.100000 -6.229716
4.500000 3.200000 -6.133053
4.500000 3.300000 -6.016204
4.500000 3.400000 -5.877041
4.500000 3.500000 -5.712878
4.500000 3.600000 -5.520340
4.500000 3.700000 -5.295182
4.500000 3.800000 -5.032044
4.500000 3.900000 -4.724129
4.500000 4.000000 -4.362763
4.500000 4.100000 -3.936790
4.500000 4.200000 -3.431767
4.500000 4.300000 -2.828853
4.500000 4.400000 -2.103347
4.500000 4.500000 -1.222814
4.500000 4.600000 -0.144949
4.500000 4.700000 1.184045
4.500000 4.800000 2.828039
4.500000 4.900000 4.849479
4.500000 5.000000 7.272339

4.600000 0.000000 10.000000
4.600000 0.100000 6.846476
4.600000 0.200000 4.083585
4.600000 0.300000 1.836185
4.600000 0.400000 0.066982
4.600000 0.500000 -1.313873
4.600000 0.600000 -2.396230
4.600000 0.700000 -3.253433
4.600000 0.800000 -3.940896
4.600000 0.900000 -4.499263
4.600000 1.000000 -4.958123
4.600000 1.100000 -5.339094
4.600000 1.200000 -5.658115
4.600000 1.300000 -5.927071
4.600000 1.400000 -6.154930
4.600000 1.500000 -6.348535
4.600000 1.600000 -6.513163
4.600000 1.700000 -6.652917
4.600000 1.800000 -6.771006
4.600000 1.900000 -6.869954
4.600000 2.000000 -6.951741
4.600000 2.100000 -7.017915
4.600000 2.200000 -7.069672
4.600000 2.300000 -7.107910
4.600000 2.400000 -7.133276
4.600000 2.500000 -7.146193
4.600000 2.600000 -7.146874
4.600000 2.700000 -7.135341
4.600000 2.800000 -7.111416
4.600000 2.900000 -7.074719
4.600000 3.000000 -7.024655
4.600000 3.100000 -6.960381
4.600000 3.200000 -6.880773
4.600000 3.300000 -6.784375
4.600000 3.400000 -6.669323
4.600000 3.500000 -6.533251
4.600000 3.600000 -6.373158
4.600000 3.700000 -6.185228
4.600000 3.800000 -5.964584
4.600000 3.900000 -5.704942
4.600000 4.000000 -5.398133
4.600000 4.100000 -5.033410
4.600000 4.200000 -4.596464
4.600000 4.300000 -4.067969
4.600000 4.400000 -3.421421
4.600000 4.500000 -2.619897
4.600000 4.600000 -1.611142
4.600000 4.700000 -0.320388
4.600000 4.800000 1.358716
4.600000 4.900000 3.568579
4.600000 5.000000 6.456084

4.700000 0.000000 10.000000
4.700000 0.100000 5.824632
4.700000 0.200000 2.490661
4.700000 0.300000 0.037679
4.700000 0.400000 -1.735708
4.700000 0.500000 -3.030894
4.700000 0.600000 -3.996715
4.700000 0.700000 -4.733917
4.700000 0.800000 -5.309242
4.700000 0.900000 -5.767147
4.700000 1.000000 -6.137747
4.700000 1.100000 -6.441875
4.700000 1.200000 -6.694264
4.700000 1.300000 -6.905547
4.700000 1.400000 -7.083547
4.700000 1.500000 -7.234111
4.700000 1.600000 -7.361679
4.700000 1.700000 -7.469656
4.700000 1.800000 -7.560678
4.700000 1.900000 -7.636799
4.700000 2.000000 -7.699622
4.700000 2.100000 -7.750389
4.700000 2.200000 -7.790059
4.700000 2.300000 -7.819348
4.700000 2.400000 -7.838770
4.700000 2.500000 -7.848660
4.700000 2.600000 -7.849190
4.700000 2.700000 -7.840375
4.700000 2.800000 -7.822075
4.700000 2.900000 -7.793991
4.700000 3.000000 -7.755649
4.700000 3.100000 -7.706379
4.700000 3.200000 -7.645285
4.700000 3.300000 -7.571200
4.700000 3.400000 -7.482626
4.700000 3.500000 -7.377645
4.700000 3.600000 -7.253812
4.700000 3.700000 -7.107989
4.700000 3.800000 -6.936121
4.700000 3.900000 -6.732923
4.700000 4.000000 -6.491415
4.700000 4.100000 -6.202253
4.700000 4.200000 -5.852712
4.700000 4.300000 -5.425136
4.700000 4.400000 -4.894472
4.700000 4.500000 -4.224212
4.700000 4.600000 -3.359333
4.700000 4.700000 -2.213171
4.700000 4.800000 -0.641366
4.700000 4.900000 1.610036
4.700000 5.000000 4.983417

4.800000 0.000000 10.000000
4.800000 0.100000 3.961391
4.800000 0.200000 0.016747
4.800000 0.300000 -2.440421
4.800000 0.400000 -4.016598
4.800000 0.500000 -5.077281
4.800000 0.600000 -5.825818
4.800000 0.700000 -6.376277
4.800000 0.800000 -6.795009
4.800000 0.900000 -7.122337
4.800000 1.000000 -7.383841
4.800000 1.100000 -7.596395
4.800000 1.200000 -7.771519
4.800000 1.300000 -7.917308
4.800000 1.400000 -8.039598
4.800000 1.500000 -8.142684
4.800000 1.600000 -8.229786
4.800000 1.700000 -8.303349
4.800000 1.800000 -8.365250
4.800000 1.900000 -8.416944
4.800000 2.000000 -8.459557
4.800000 2.100000 -8.493962
4.800000 2.200000 -8.520827
4.800000 2.300000 -8.540653
4.800000 2.400000 -8.553795
4.800000 2.500000 -8.560489
4.800000 2.600000 -8.560851
4.800000 2.700000 -8.554894
4.800000 2.800000 -8.542520
4.800000 2.900000 -8.523521
4.800000 3.000000 -8.497570
4.800000 3.100000 -8.464200
4.800000 3.200000 -8.422787
4.800000 3.300000 -8.372516
4.800000 3.400000 -8.312334
4.800000 3.500000 -8.240892
4.800000 3.600000 -8.156457
4.800000 3.700000 -8.056793
4.800000 3.800000 -7.938989
4.800000 3.900000 -7.799213
4.800000 4.000000 -7.632353
4.800000 4.100000 -7.431474
4.800000 4.200000 -7.186995
4.800000 4.300000 -6.885392
4.800000 4.400000 -6.507120
4.800000 4.500000 -6.023146
4.800000 4.600000 -5.388808
4.800000 4.700000 -4.531598
4.800000 4.800000 -3.321044
4.800000 4.900000 -1.470486
4.800000 5.000000 1.867549

4.900000 0.000000 10.000000
4.900000 0.100000 0.004187
4.900000 0.200000 -3.944645
4.900000 0.300000 -5.799512
4.900000 0.400000 -6.812981
4.900000 0.500000 -7.435816
4.900000 0.600000 -7.853000
4.900000 0.700000 -8.150365
4.900000 0.800000 -8.372181
4.900000 0.900000 -8.543351
4.900000 1.000000 -8.678885
4.900000 1.100000 -8.788347
4.900000 1.200000 -8.878108
4.900000 1.300000 -8.952567
4.900000 1.400000 -9.014852
4.900000 1.500000 -9.067242
4.900000 1.600000 -9.111433
4.900000 1.700000 -9.148703
4.900000 1.800000 -9.180030
4.900000 1.900000 -9.206168
4.900000 2.000000 -9.227700
4.900000 2.100000 -9.245074
4.900000 2.200000 -9.258635
4.900000 2.300000 -9.268640
4.900000 2.400000 -9.275271
4.900000 2.500000 -9.278648
4.900000 2.600000 -9.278832
4.900000 2.700000 -9.275828
4.900000 2.800000 -9.269588
4.900000 2.900000 -9.260005
4.900000 3.000000 -9.246910
4.900000 3.100000 -9.230065
4.900000 3.200000 -9.209148
4.900000 3.300000 -9.183741
4.900000 3.400000 -9.153302
4.900000 3.500000 -9.117131
4.900000 3.600000 -9.074332
4.900000 3.700000 -9.023739
4.900000 3.800000 -8.963829
4.900000 3.900000 -8.892588
4.900000 4.000000 -8.807309
4.900000 4.100000 -8.704296
4.900000 4.200000 -8.578402
4.900000 4.300000 -8.422316
4.900000 4.400000 -8.225470
4.900000 4.500000 -7.972443
4.900000 4.600000 -7.641155
4.900000 4.700000 -7.203370
4.900000 4.800000 -6.640725
4.900000 4.900000 -6.038486
4.900000 5.000000 -6.042734

5.000000 0.000000 -10.000000
5.000000 0.100000 -10.000000
5.000000 0.200000 -10.000000
5.000000 0.300000 -10.000000
5.000000 0.400000 -10.000000
5.000000 0.500000 -10.000000
5.000000 0.600000 -10.000000
5.000000 0.700000 -10.000000
5.000000 0.800000 -10.000000
5.000000 0.900000 -10.000000
5.000000 1.000000 -10.000000
5.000000 1.100000 -10.000000
5.000000 1.200000 -10.000000
5.000000 1.300000 -10.000000
5.000000 1.400000 -10.000000
5.000000 1.500000 -10.000000
5.000000 1.600000 -10.000000
5.000000 1.700000 -10.000000
5.000000 1.800000 -10.000000
5.000000 1.900000 -10.000000
5.000000 2.000000 -10.000000
5.000000 2.100000 -10.000000
5.000000 2.200000 -10.000000
5.000000 2.300000 -10.000000
5.000000 2.400000 -10.000000
5.000000 2.500000 -10.000000
5.000000 2.600000 -10.000000
5.000000 2.700000 -10.000000
5.000000 2.800000 -10.000000
5.000000 2.900000 -10.000000
5.000000 3.000000 -10.000000
5.000000 3.100000 -10.000000
5.000000 3.200000 -10.000000
5.000000 3.300000 -10.000000
5.000000 3.400000 -10.000000
5.000000 3.500000 -10.000000
5.000000 3.600000 -10.000000
5.000000 3.700000 -10.000000
5.000000 3.800000 -10.000000
5.000000 3.900000 -10.000000
5.000000 4.000000 -10.000000
5.000000 4.100000 -10.000000
5.000000 4.200000 -10.000000
5.000000 4.300000 -10.000000
5.000000 4.400000 -10.000000
5.000000 4.500000 -10.000000
5.000000 4.600000 -10.000000
5.000000 4.700000 -10.000000
5.000000 4.800000 -10.000000
5.000000 4.900000 -10.000000
5.000000 5.000000 -10.000000
