zad1: 0.535898
zad3:
c = 8
zad4
przyb	 krok	 wartosc f	 wartosc pochodnej	 d0 = 0.6
0.540769 0.0592308 0.00395923 0.817699
0.535927 0.00484192 2.33669e-05 0.80807
0.535898 2.89169e-05 8.23337e-10 0.808013
0.535898 1.01897e-09 0 0.808013

przyb	 krok	 wartosc f	 wartosc pochodnej	 d0 = 0.8137
0.618967 0.194733 0.0745335 0.994301
0.544006 0.0749607 0.00661682 0.824214
0.535978 0.00802804 6.4652e-05 0.808171
0.535898 7.9998e-05 6.31575e-09 0.808013
0.535898 7.8164e-09 -5.27356e-16 0.808013

przyb	 krok	 wartosc f	 wartosc pochodnej	 d0 = 1.0274
0.773307 0.254093 0.263902 1.50242
0.597655 0.175652 0.0539074 0.941927
0.540424 0.057231 0.00367736 0.817008
0.535923 0.004501 2.01784e-05 0.808062
0.535898 2.49713e-05 6.14207e-10 0.808013
0.535898 7.60146e-10 0 0.808013

przyb	 krok	 wartosc f	 wartosc pochodnej	 d0 = 1.2411
0.984211 0.256889 0.703853 2.84721
0.737003 0.247208 0.212024 1.35853
0.580934 0.156069 0.0384839 0.903169
0.538324 0.0426098 0.00196585 0.812819
0.535906 0.00241856 5.80188e-06 0.808027
0.535898 7.18031e-06 5.08194e-11 0.808013
0.535898 6.28944e-11 0 0.808013

przyb	 krok	 wartosc f	 wartosc pochodnej	 d0 = 1.4548
1.23695 0.217854 1.87442 7.28567
0.979671 0.257275 0.691022 2.8051
0.733326 0.246345 0.207054 1.34492
0.579374 0.153952 0.0370773 0.899652
0.538161 0.0412129 0.00183296 0.812494
0.535905 0.00225597 5.04618e-06 0.808025
0.535898 6.24508e-06 3.88725e-11 0.808013
0.535898 4.81087e-11 1.11022e-16 0.808013

przyb	 krok	 wartosc f	 wartosc pochodnej	 d0 = 1.6685
1.52021 0.14829 6.35392 31.8725
1.32086 0.199354 2.61373 10.6014
1.07431 0.246545 1.00372 3.87572
0.815335 0.258976 0.330959 1.69334
0.619888 0.195448 0.0754501 0.996643
0.544184 0.0757042 0.0067629 0.824572
0.535982 0.0082017 6.75039e-05 0.808178
0.535898 8.35261e-05 6.88744e-09 0.808013
0.535898 8.52392e-09 0 0.808013

przyb	 krok	 wartosc f	 wartosc pochodnej	 d0 = 1.8822
1.82519 0.0570075 59.4795 716.099
1.74213 0.0830604 25.9491 218.237
1.62323 0.118904 11.1847 67.7426
1.45812 0.165105 4.71584 21.7339
1.24114 0.216981 1.90527 7.41682
0.984258 0.256885 0.703986 2.84764
0.737041 0.247217 0.212076 1.35867
0.58095 0.156091 0.0384985 0.903206
0.538326 0.0426243 0.00196726 0.812822
0.535906 0.00242028 5.81016e-06 0.808027
0.535898 7.19055e-06 5.12184e-11 0.808013
0.535898 6.33881e-11 0 0.808013

