macierz A:
         1	         0	         0	         0	         0	
       0.5	         2	       0.5	         0	         0	
         0	       0.5	         2	       0.5	         0	
         0	         0	       0.5	         2	       0.5	
         0	         0	         0	         0	         1	

wektor M
              0       0.410105      -0.684126       0.410105              0
wektor X_2
             -5           -4.9           -4.8           -4.7           -4.6           -4.5           -4.4           -4.3           -4.2           -4.1             -4           -3.9           -3.8           -3.7           -3.6           -3.5           -3.4           -3.3           -3.2           -3.1             -3           -2.9           -2.8           -2.7           -2.6           -2.5           -2.4           -2.3           -2.2           -2.1             -2           -1.9           -1.8           -1.7           -1.6           -1.5           -1.4           -1.3           -1.2           -1.1             -1           -0.9           -0.8           -0.7           -0.6           -0.5           -0.4           -0.3           -0.2           -0.1   -1.02696e-15            0.1            0.2            0.3            0.4            0.5            0.6            0.7            0.8            0.9              1            1.1            1.2            1.3            1.4            1.5            1.6            1.7            1.8            1.9              2            2.1            2.2            2.3            2.4            2.5            2.6            2.7            2.8            2.9              3            3.1            3.2            3.3            3.4            3.5            3.6            3.7            3.8            3.9              4            4.1            4.2            4.3            4.4            4.5            4.6            4.7            4.8            4.9              5
Interpolacja:
    1.38879e-11     -0.0168396      -0.032654     -0.0464178     -0.0571058     -0.0636928     -0.0651535     -0.0604626     -0.0485948      -0.028525    0.000772182       0.040322      0.0911497       0.154281        0.23074       0.321553       0.427745       0.550341       0.690366       0.848846        1.02681        1.22527        1.44527        1.68782        1.95395        2.24469        2.02217        1.82255        1.64309        1.48105         1.3337        1.19831        1.07213       0.952436       0.836488       0.721553       0.604893       0.483773       0.355458       0.217212      0.0662989      -0.100016      -0.284468      -0.489794      -0.718728      -0.974007       -1.25837       -1.57454       -1.92527       -2.31328       -2.74131       -2.31328       -1.92527       -1.57454       -1.25837      -0.974007      -0.718728      -0.489794      -0.284468      -0.100016      0.0662989       0.217212       0.355458       0.483773       0.604893       0.721553       0.836488       0.952436        1.07213        1.19831         1.3337        1.48105        1.64309        1.82255        2.02217        2.24469        1.95395        1.68782        1.44527        1.22527        1.02681       0.848846       0.690366       0.550341       0.427745       0.321553        0.23074       0.154281      0.0911497       0.040322    0.000772182      -0.028525     -0.0485948     -0.0604626     -0.0651535     -0.0636928     -0.0571058     -0.0464178      -0.032654     -0.0168396    1.38874e-11

             -5           -4.9           -4.8           -4.7           -4.6           -4.5           -4.4           -4.3           -4.2           -4.1             -4           -3.9           -3.8           -3.7           -3.6           -3.5           -3.4           -3.3           -3.2           -3.1             -3           -2.9           -2.8           -2.7           -2.6           -2.5           -2.4           -2.3           -2.2           -2.1             -2           -1.9           -1.8           -1.7           -1.6           -1.5           -1.4           -1.3           -1.2           -1.1             -1           -0.9           -0.8           -0.7           -0.6           -0.5           -0.4           -0.3           -0.2           -0.1   -1.02696e-15            0.1            0.2            0.3            0.4            0.5            0.6            0.7            0.8            0.9              1            1.1            1.2            1.3            1.4            1.5            1.6            1.7            1.8            1.9              2            2.1            2.2            2.3            2.4            2.5            2.6            2.7            2.8            2.9              3            3.1            3.2            3.3            3.4            3.5            3.6            3.7            3.8            3.9              4            4.1            4.2            4.3            4.4            4.5            4.6            4.7            4.8            4.9              5
