0.999992
0.999992
0.999992
0.999992
0.999991
0.999991
0.999991
0.999991
0.999991
0.999991
0.999991
0.999991
0.99999
0.99999
0.99999
0.99999
0.99999
0.99999
0.99999
0.999989
0.999989
0.999989
0.999989
0.999989
0.999989
0.999988
0.999988
0.999988
0.999988
0.999988
0.999988
0.999987
0.999987
0.999987
0.999987
0.999987
0.999986
0.999986
0.999986
0.999986
0.999986
0.999985
0.999985
0.999985
0.999985
0.999985
0.999984
0.999984
0.999984
0.999984
0.999984
0.999983
0.999983
0.999983
0.999983
0.999982
0.999982
0.999982
0.999982
0.999981
0.999981
0.999981
0.999981
0.99998
0.99998
0.99998
0.99998
0.999979
0.999979
0.999979
0.999978
0.999978
0.999978
0.999978
0.999977
0.999977
0.999977
0.999976
0.999976
0.999976
0.999975
0.999975
0.999975
0.999975
0.999974
0.999974
0.999974
0.999973
0.999973
0.999973
0.999972
0.999972
0.999971
0.999971
0.999971
0.99997
0.99997
0.99997
0.999969
0.999969
0.999969
0.999968
0.999968
0.999967
0.999967
0.999967
0.999966
0.999966
0.999966
0.999965
0.999965
0.999964
0.999964
0.999963
0.999963
0.999963
0.999962
0.999962
0.999961
0.999961
0.99996
0.99996
0.99996
0.999959
0.999959
0.999958
0.999958
0.999957
0.999957
0.999956
0.999956
0.999955
0.999955
0.999954
0.999954
0.999953
0.999953
0.999952
0.999952
0.999951
0.999951
0.99995
0.99995
0.999949
0.999949
0.999948
0.999948
0.999947
0.999947
0.999946
0.999946
0.999945
0.999944
0.999944
0.999943
0.999943
0.999942
0.999941
0.999941
0.99994
0.99994
0.999939
0.999939
0.999938
0.999937
0.999937
0.999936
0.999935
0.999935
0.999934
0.999933
0.999933
0.999932
0.999932
0.999931
0.99993
0.99993
0.999929
0.999928
0.999928
0.999927
0.999926
0.999925
0.999925
0.999924
0.999923
0.999923
0.999922
0.999921
0.99992
0.99992
0.999919
0.999918
0.999917
0.999917
0.999916
0.999915
0.999914
0.999914
0.999913
0.999912
0.999911
0.99991
0.99991
0.999909
0.999908
0.999907
0.999906
0.999906
0.999905
0.999904
0.999903
0.999902
0.999901
0.999901
0.9999
0.999899
0.999898
0.999897
0.999896
0.999895
0.999894
0.999893
0.999893
0.999892
0.999891
0.99989
0.999889
0.999888
0.999887
0.999886
0.999885
0.999884
0.999883
0.999882
0.999881
0.99988
0.999879
0.999878
0.999877
0.999876
0.999875
0.999874
0.999873
0.999872
0.999871
0.99987
0.999869
0.999868
0.999867
0.999866
0.999865
0.999864
0.999863
0.999861
0.99986
0.999859
0.999858
0.999857
0.999856
0.999855
0.999854
0.999853
0.999851
0.99985
0.999849
0.999848
0.999847
0.999846
0.999844
0.999843
0.999842
0.999841
0.99984
0.999838
0.999837
0.999836
0.999835
0.999833
0.999832
0.999831
0.99983
0.999828
0.999827
0.999826
0.999824
0.999823
0.999822
0.99982
0.999819
0.999818
0.999817
0.999815
0.999814
0.999812
0.999811
0.99981
0.999808
0.999807
0.999806
0.999804
0.999803
0.999801
0.9998
0.999798
0.999797
0.999796
0.999794
0.999793
0.999791
0.99979
0.999788
0.999787
0.999785
0.999784
0.999782
0.999781
0.999779
0.999778
0.999776
0.999775
0.999773
0.999771
0.99977
0.999768
0.999767
0.999765
0.999763
0.999762
0.99976
0.999759
0.999757
0.999755
0.999754
0.999752
0.99975
0.999749
0.999747
0.999745
0.999743
0.999742
0.99974
0.999738
0.999737
0.999735
0.999733
0.999731
0.99973
0.999728
0.999726
0.999724
0.999722
0.999721
0.999719
0.999717
0.999715
0.999713
0.999711
0.99971
0.999708
0.999706
0.999704
0.999702
0.9997
0.999698
0.999696
0.999694
0.999692
0.99969
0.999688
0.999686
0.999684
0.999682
0.99968
0.999678
0.999676
0.999674
0.999672
0.99967
0.999668
0.999666
0.999664
0.999662
0.99966
0.999658
0.999656
0.999654
0.999652
0.999649
0.999647
0.999645
0.999643
0.999641
0.999639
0.999636
0.999634
0.999632
0.99963
0.999628
0.999625
0.999623
0.999621
0.999619
0.999616
0.999614
0.999612
0.999609
0.999607
0.999605
0.999602
0.9996
0.999598
0.999595
0.999593
0.999591
0.999588
0.999586
0.999583
0.999581
0.999579
0.999576
0.999574
0.999571
0.999569
0.999566
0.999564
0.999561
0.999559
0.999556
0.999554
0.999551
0.999549
0.999546
0.999543
0.999541
0.999538
0.999536
0.999533
0.99953
0.999528
0.999525
0.999522
0.99952
0.999517
0.999514
0.999512
0.999509
0.999506
0.999503
0.999501
0.999498
0.999495
0.999492
0.99949
0.999487
0.999484
0.999481
0.999478
0.999475
0.999473
0.99947
0.999467
0.999464
0.999461
0.999458
0.999455
0.999452
0.999449
0.999446
0.999443
0.99944
0.999437
0.999434
0.999431
0.999428
0.999425
0.999422
0.999419
0.999416
0.999413
0.99941
0.999407
0.999404
0.999401
0.999398
0.999394
0.999391
0.999388
0.999385
0.999382
0.999378
0.999375
0.999372
0.999369
0.999366
0.999362
0.999359
0.999356
0.999352
0.999349
0.999346
0.999342
0.999339
0.999336
0.999332
0.999329
0.999326
0.999322
0.999319
0.999315
0.999312
0.999308
0.999305
0.999301
0.999298
0.999294
0.999291
0.999287
0.999284
0.99928
0.999277
0.999273
0.99927
0.999266
0.999262
0.999259
0.999255
0.999251
0.999248
0.999244
0.99924
0.999237
0.999233
0.999229
0.999225
0.999222
0.999218
0.999214
0.99921
0.999207
0.999203
0.999199
0.999195
0.999191
0.999187
0.999183
0.999179
0.999176
0.999172
0.999168
0.999164
0.99916
0.999156
0.999152
0.999148
0.999144
0.99914
0.999136
0.999132
0.999128
0.999124
0.999119
0.999115
0.999111
0.999107
0.999103
0.999099
0.999095
0.99909
0.999086
0.999082
0.999078
0.999074
0.999069
0.999065
0.999061
0.999056
0.999052
0.999048
0.999043
0.999039
0.999035
0.99903
0.999026
0.999022
0.999017
0.999013
0.999008
0.999004
0.998999
0.998995
0.99899
0.998986
0.998981
0.998977
0.998972
0.998968
0.998963
0.998958
0.998954
0.998949
0.998945
0.99894
0.998935
0.998931
0.998926
0.998921
0.998916
0.998912
0.998907
0.998902
0.998897
0.998893
0.998888
0.998883
0.998878
0.998873
0.998868
0.998863
0.998859
0.998854
0.998849
0.998844
0.998839
0.998834
0.998829
0.998824
0.998819
0.998814
0.998809
0.998804
0.998799
0.998794
0.998788
0.998783
0.998778
0.998773
0.998768
0.998763
0.998758
0.998752
0.998747
0.998742
0.998737
0.998731
0.998726
0.998721
0.998715
0.99871
0.998705
0.998699
0.998694
0.998689
0.998683
0.998678
0.998672
0.998667
0.998661
0.998656
0.998651
0.998645
0.998639
0.998634
0.998628
0.998623
0.998617
0.998612
0.998606
0.9986
0.998595
0.998589
0.998583
0.998578
0.998572
0.998566
0.998561
0.998555
0.998549
0.998543
0.998537
0.998532
0.998526
0.99852
0.998514
0.998508
0.998502
0.998496
0.99849
0.998484
0.998479
0.998473
0.998467
0.998461
0.998455
0.998448
0.998442
0.998436
0.99843
0.998424
0.998418
0.998412
0.998406
0.9984
0.998393
0.998387
0.998381
0.998375
0.998368
0.998362
0.998356
0.99835
0.998343
0.998337
0.998331
0.998324
0.998318
0.998312
0.998305
0.998299
0.998292
0.998286
0.998279
0.998273
0.998266
0.99826
0.998253
0.998247
0.99824
0.998234
0.998227
0.99822
0.998214
0.998207
0.9982
0.998194
0.998187
0.99818
0.998173
0.998167
0.99816
0.998153
0.998146
0.998139
0.998133
0.998126
0.998119
0.998112
0.998105
0.998098
0.998091
0.998084
0.998077
0.99807
0.998063
0.998056
0.998049
0.998042
0.998035
0.998028
0.998021
0.998014
0.998007
0.997999
0.997992
0.997985
0.997978
0.997971
0.997963
0.997956
0.997949
0.997941
0.997934
0.997927
0.997919
0.997912
0.997905
0.997897
0.99789
0.997882
0.997875
0.997867
0.99786
0.997852
0.997845
0.997837
0.99783
0.997822
0.997815
0.997807
0.997799
0.997792
0.997784
0.997776
0.997769
0.997761
0.997753
0.997745
0.997738
0.99773
0.997722
0.997714
0.997706
0.997698
0.997691
0.997683
0.997675
0.997667
0.997659
0.997651
0.997643
0.997635
0.997627
0.997619
0.997611
0.997603
0.997594
0.997586
0.997578
0.99757
0.997562
0.997554
0.997545
0.997537
0.997529
0.997521
0.997512
0.997504
0.997496
0.997487
0.997479
0.997471
0.997462
0.997454
0.997445
0.997437
0.997428
0.99742
0.997411
0.997403
0.997394
0.997386
0.997377
0.997369
0.99736
0.997351
0.997343
0.997334
0.997325
0.997317
0.997308
0.997299
0.99729
0.997281
0.997273
0.997264
0.997255
0.997246
0.997237
0.997228
0.997219
0.99721
0.997201
0.997192
0.997183
0.997174
0.997165
0.997156
0.997147
0.997138
0.997129
0.99712
0.997111
0.997101
0.997092
0.997083
0.997074
0.997064
0.997055
0.997046
0.997036
0.997027
0.997018
0.997008
0.996999
0.996989
0.99698
0.996971
0.996961
0.996952
0.996942
0.996932
0.996923
0.996913
0.996904
0.996894
0.996884
0.996875
0.996865
0.996855
0.996845
0.996836
0.996826
0.996816
0.996806
0.996796
0.996787
0.996777
0.996767
0.996757
0.996747
0.996737
0.996727
0.996717
0.996707
0.996697
0.996687
0.996677
0.996666
0.996656
0.996646
0.996636
0.996626
0.996615
0.996605
0.996595
0.996585
0.996574
0.996564
0.996554
0.996543
0.996533
0.996522
0.996512
0.996501
0.996491
0.99648
0.99647
0.996459
0.996448
0.996438
0.996427
0.996417
0.996406
0.996395
0.996384
0.996374
0.996363
0.996352
0.996341
0.99633
0.996319
0.996308
0.996297
0.996286
0.996276
0.996264
0.996253
0.996242
0.996231
0.99622
0.996209
0.996198
0.996187
0.996175
0.996164
0.996153
0.996142
0.99613
0.996119
0.996108
0.996096
0.996085
0.996073
0.996062
0.99605
0.996039
0.996027
0.996016
0.996004
0.995992
0.995981
0.995969
0.995957
0.995945
0.995934
0.995922
0.99591
0.995898
0.995886
0.995874
0.995862
0.99585
0.995838
0.995826
0.995814
0.995802
0.99579
0.995778
0.995765
0.995753
0.995741
0.995729
0.995716
0.995704
0.995691
0.995679
0.995667
0.995654
0.995642
0.995629
0.995616
0.995604
0.995591
0.995578
0.995566
0.995553
0.99554
0.995527
0.995514
0.995502
0.995489
0.995476
0.995463
0.99545
0.995437
0.995423
0.99541
0.995397
0.995384
0.995371
0.995357
0.995344
0.995331
0.995317
0.995304
0.99529
0.995277
0.995263
0.99525
0.995236
0.995222
0.995208
0.995195
0.995181
0.995167
0.995153
0.995139
0.995125
0.995111
0.995097
0.995083
0.995069
0.995055
0.99504
0.995026
0.995012
0.994997
0.994983
0.994969
0.994954
0.994939
0.994925
0.99491
0.994895
0.994881
0.994866
0.994851
0.994836
0.994821
0.994806
0.994791
0.994776
0.994761
0.994746
0.99473
0.994715
0.9947
0.994684
0.994669
0.994653
0.994638
0.994622
0.994607
0.994591
0.994575
0.994559
0.994543
0.994527
0.994511
0.994495
0.994479
0.994463
0.994446
0.99443
0.994414
0.994397
0.994381
0.994364
0.994348
0.994331
0.994314
0.994297
0.99428
0.994263
0.994246
0.994229
0.994212
0.994195
0.994178
0.99416
0.994143
0.994125
0.994108
0.99409
0.994072
0.994055
0.994037
0.994019
0.994001
0.993983
0.993965
0.993946
0.993928
0.99391
0.993891
0.993873
0.993854
0.993835
0.993817
0.993798
0.993779
0.99376
0.993741
0.993722
0.993702
0.993683
0.993664
0.993644
0.993624
0.993605
0.993585
0.993565
0.993545
0.993525
0.993505
0.993485
0.993464
0.993444
0.993423
0.993403
0.993382
0.993361
0.993341
0.99332
0.993299
0.993277
0.993256
0.993235
0.993213
0.993192
0.99317
0.993148
0.993126
0.993104
0.993082
0.99306
0.993038
0.993016
0.992993
0.99297
0.992948
0.992925
0.992902
0.992879
0.992856
0.992832
0.992809
0.992786
0.992762
0.992738
0.992714
0.992691
0.992666
0.992642
0.992618
0.992594
0.992569
0.992544
0.99252
0.992495
0.99247
0.992445
0.992419
0.992394
0.992368
0.992343
0.992317
0.992291
0.992265
0.992239
0.992212
0.992186
0.992159
0.992133
0.992106
0.992079
0.992052
0.992025
0.991997
0.99197
0.991942
0.991914
0.991886
0.991858
0.99183
0.991802
0.991773
0.991745
0.991716
0.991687
0.991658
0.991629
0.991599
0.99157
0.99154
0.99151
0.99148
0.99145
0.99142
0.991389
0.991359
0.991328
0.991297
0.991266
0.991235
0.991204
0.991172
0.99114
0.991109
0.991077
0.991044
0.991012
0.99098
0.990947
0.990914
0.990881
0.990848
0.990815
0.990781
0.990748
0.990714
0.99068
0.990646
0.990611
0.990577
0.990542
0.990508
0.990473
0.990437
0.990402
0.990366
0.990331
0.990295
0.990259
0.990223
0.990186
0.99015
0.990113
0.990076
0.990039
0.990002
0.989964
0.989926
0.989889
0.989851
0.989812
0.989774
0.989735
0.989697
0.989658
0.989619
0.989579
0.98954
0.9895
0.98946
0.98942
0.98938
0.989339
0.989299
0.989258
0.989217
0.989176
0.989134
0.989093
0.989051
0.989009
0.988967
0.988924
0.988882
0.988839
0.988796
0.988753
0.988709
0.988666
0.988622
0.988578
0.988534
0.98849
0.988445
0.9884
0.988355
0.98831
0.988265
0.988219
0.988174
0.988128
0.988082
0.988035
0.987989
0.987942
0.987895
0.987848
0.9878
0.987753
0.987705
0.987657
0.987609
0.987561
0.987512
0.987463
0.987414
0.987365
0.987316
0.987266
0.987216
0.987166
0.987116
0.987066
0.987015
0.986964
0.986913
0.986862
0.986811
0.986759
0.986707
0.986655
0.986603
0.98655
0.986498
0.986445
0.986392
0.986338
0.986285
0.986231
0.986177
0.986123
0.986069
0.986014
0.985959
0.985905
0.985849
0.985794
0.985739
0.985683
0.985627
0.985571
0.985514
0.985458
0.985401
0.985344
0.985287
0.985229
0.985172
0.985114
0.985056
0.984998
0.984939
0.984881
0.984822
0.984763
0.984704
0.984644
0.984585
0.984525
0.984465
0.984405
0.984344
0.984284
0.984223
0.984162
0.984101
0.98404
0.983978
0.983916
0.983854
0.983792
0.98373
0.983667
0.983604
0.983541
0.983478
0.983415
0.983352
0.983288
0.983224
0.98316
0.983096
0.983031
0.982966
0.982902
0.982837
0.982771
0.982706
0.98264
0.982575
0.982509
0.982442
0.982376
0.98231
0.982243
0.982176
0.982109
0.982042
0.981974
0.981907
0.981839
0.981771
0.981703
0.981635
0.981566
0.981497
0.981429
0.98136
0.98129
0.981221
0.981152
0.981082
0.981012
0.980942
0.980872
0.980801
0.980731
0.98066
0.980589
0.980518
0.980447
0.980376
0.980304
0.980233
0.980161
0.980089
0.980017
0.979944
0.979872
0.979799
0.979726
0.979654
0.97958
0.979507
0.979434
0.97936
0.979287
0.979213
0.979139
0.979065
0.97899
0.978916
0.978841
0.978767
0.978692
0.978617
0.978542
0.978466
0.978391
0.978315
0.97824
0.978164
0.978088
0.978012
0.977936
0.977859
0.977783
0.977706
0.977629
0.977553
0.977476
0.977398
0.977321
0.977244
0.977166
0.977089
0.977011
0.976933
0.976855
0.976777
0.976699
0.97662
0.976542
0.976463
0.976385
0.976306
0.976227
0.976148
0.976069
0.97599
0.97591
0.975831
0.975751
0.975672
0.975592
0.975512
0.975432
0.975352
0.975272
0.975192
0.975111
0.975031
0.97495
0.97487
0.974789
0.974708
0.974627
0.974546
0.974465
0.974384
0.974303
0.974221
0.97414
0.974058
0.973977
0.973895
0.973813
0.973732
0.97365
0.973568
0.973486
0.973404
0.973321
0.973239
0.973157
0.973074
0.972992
0.972909
0.972827
0.972744
0.972661
0.972578
0.972495
0.972413
0.97233
0.972246
0.972163
0.97208
0.971997
0.971914
0.97183
0.971747
0.971663
0.97158
0.971496
0.971413
0.971329
0.971245
0.971162
0.971078
0.970994
0.97091
0.970826
0.970742
0.970658
0.970574
0.97049
0.970406
0.970322
0.970238
0.970153
0.970069
0.969985
0.9699
0.969816
0.969732
0.969647
0.969563
0.969478
0.969394
0.969309
0.969225
0.96914
0.969056
0.968971
0.968886
0.968802
0.968717
0.968632
0.968548
0.968463
0.968378
0.968293
0.968209
0.968124
0.968039
0.967954
0.967869
0.967785
0.9677
0.967615
0.96753
0.967445
0.96736
0.967276
0.967191
0.967106
0.967021
0.966936
0.966851
0.966767
0.966682
0.966597
0.966512
0.966427
0.966342
0.966258
0.966173
0.966088
0.966003
0.965918
0.965834
0.965749
0.965664
0.965579
0.965495
0.96541
0.965325
0.965241
0.965156
0.965071
0.964987
0.964902
0.964818
0.964733
0.964648
0.964564
0.964479
0.964395
0.964311
0.964226
0.964142
0.964057
0.963973
0.963889
0.963805
0.96372
0.963636
0.963552
0.963468
0.963384
0.9633
0.963216
0.963132
0.963048
0.962964
0.96288
0.962796
0.962712
0.962628
0.962545
0.962461
0.962377
0.962294
0.96221
0.962126
0.962043
0.961959
0.961876
0.961793
0.961709
0.961626
0.961543
0.96146
0.961377
0.961294
0.96121
0.961128
0.961045
0.960962
0.960879
0.960796
0.960713
0.960631
0.960548
0.960465
0.960383
0.960301
0.960218
0.960136
0.960053
0.959971
0.959889
0.959807
0.959725
0.959643
0.959561
0.959479
0.959397
0.959315
0.959234
0.959152
0.959071
0.958989
0.958908
0.958826
0.958745
0.958664
0.958582
0.958501
0.95842
0.958339
0.958258
0.958177
0.958097
0.958016
0.957935
0.957855
0.957774
0.957694
0.957613
0.957533
0.957453
0.957372
0.957292
0.957212
0.957132
0.957052
0.956973
0.956893
0.956813
0.956734
0.956654
0.956575
0.956495
0.956416
0.956337
0.956258
0.956178
0.956099
0.956021
0.955942
0.955863
0.955784
0.955706
0.955627
0.955549
0.95547
0.955392
0.955314
0.955236
0.955157
0.955079
0.955002
0.954924
0.954846
0.954768
0.954691
0.954613
0.954536
0.954458
0.954381
0.954304
0.954227
0.95415
0.954073
0.953996
0.953919
0.953843
0.953766
0.953689
0.953613
0.953537
0.95346
0.953384
0.953308
0.953232
0.953156
0.95308
0.953005
0.952929
0.952853
0.952778
0.952702
0.952627
0.952552
0.952477
0.952402
0.952327
0.952252
0.952177
0.952102
0.952027
0.951953
0.951878
0.951804
0.95173
0.951656
0.951581
0.951507
0.951433
0.95136
0.951286
0.951212
0.951139
0.951065
0.950992
0.950918
0.950845
0.950772
0.950699
0.950626
0.950553
0.95048
0.950408
0.950335
0.950262
0.95019
0.950118
0.950045
0.949973
0.949901
0.949829
0.949757
0.949685
0.949614
0.949542
0.949471
0.949399
0.949328
0.949256
0.949185
0.949114
0.949043
0.948972
0.948901
0.948831
0.94876
0.94869
0.948619
0.948549
0.948478
0.948408
0.948338
0.948268
0.948198
0.948128
0.948059
0.947989
0.94792
0.94785
0.947781
0.947711
0.947642
0.947573
0.947504
0.947435
0.947366
0.947298
0.947229
0.94716
0.947092
0.947023
0.946955
0.946887
0.946819
0.946751
0.946683
0.946615
0.946547
0.94648
0.946412
0.946345
0.946277
0.94621
0.946143
0.946076
0.946008
0.945942
0.945875
0.945808
0.945741
0.945675
0.945608
0.945542
0.945475
0.945409
0.945343
0.945277
0.945211
0.945145
0.945079
0.945014
0.944948
0.944882
0.944817
0.944752
0.944686
0.944621
0.944556
0.944491
0.944426
0.944361
0.944297
0.944232
0.944167
0.944103
0.944038
0.943974
0.94391
0.943846
0.943782
0.943718
0.943654
0.94359
0.943526
0.943463
0.943399
0.943336
0.943273
0.943209
0.943146
0.943083
0.94302
0.942957
0.942894
0.942831
0.942769
0.942706
0.942644
0.942581
0.942519
0.942457
0.942394
0.942332
0.94227
0.942208
0.942147
0.942085
0.942023
0.941962
0.9419
0.941839
0.941777
0.941716
0.941655
0.941594
0.941533
0.941472
0.941411
0.94135
0.94129
0.941229
0.941169
0.941108
0.941048
0.940988
0.940927
0.940867
0.940807
0.940747
0.940688
0.940628
0.940568
0.940508
0.940449
0.940389
0.94033
0.940271
0.940211
0.940152
0.940093
0.940034
0.939975
0.939917
0.939858
0.939799
0.939741
0.939682
0.939624
0.939565
0.939507
0.939449
0.939391
0.939333
0.939275
0.939217
0.939159
0.939101
0.939043
0.938986
0.938928
0.938871
0.938814
0.938756
0.938699
0.938642
0.938585
0.938528
0.938471
0.938414
0.938357
0.938301
0.938244
0.938188
0.938131
0.938075
0.938018
0.937962
0.937906
0.93785
0.937794
0.937738
0.937682
0.937626
0.93757
0.937515
0.937459
0.937404
0.937348
0.937293
0.937237
0.937182
0.937127
0.937072
0.937017
0.936962
0.936907
0.936852
0.936797
0.936743
0.936688
0.936634
0.936579
0.936525
0.93647
0.936416
0.936362
0.936308
0.936254
0.9362
0.936146
0.936092
0.936038
0.935984
0.935931
0.935877
0.935824
0.93577
0.935717
0.935663
0.93561
0.935557
0.935504
0.935451
0.935398
0.935345
0.935292
0.935239
0.935186
0.935134
0.935081
0.935029
0.934976
0.934924
0.934871
0.934819
0.934767
0.934714
0.934662
0.93461
0.934558
0.934506
0.934455
0.934403
0.934351
0.934299
0.934248
0.934196
0.934145
0.934093
0.934042
0.93399
0.933939
0.933888
0.933837
0.933786
0.933735
0.933684
0.933633
0.933582
0.933531
0.93348
0.93343
0.933379
0.933329
0.933278
0.933228
0.933177
0.933127
0.933077
0.933026
0.932976
0.932926
0.932876
0.932826
0.932776
0.932726
0.932676
0.932627
0.932577
0.932527
0.932478
0.932428
0.932379
0.932329
0.93228
0.93223
0.932181
0.932132
0.932083
0.932034
0.931985
0.931935
0.931887
0.931838
0.931789
0.93174
0.931691
0.931642
0.931594
0.931545
0.931497
0.931448
0.9314
0.931351
0.931303
0.931254
0.931206
0.931158
0.93111
0.931062
0.931014
0.930966
0.930918
0.93087
0.930822
0.930774
0.930726
0.930679
0.930631
0.930583
0.930536
0.930488
0.930441
0.930393
0.930346
0.930298
0.930251
0.930204
0.930156
0.930109
0.930062
0.930015
0.929968
0.929921
0.929874
0.929827
0.92978
0.929733
0.929687
0.92964
0.929593
0.929547
0.9295
0.929453
0.929407
0.92936
0.929314
0.929268
0.929221
0.929175
0.929129
0.929082
0.929036
0.92899
0.928944
0.928898
0.928852
0.928806
0.92876
0.928714
0.928668
0.928622
0.928576
0.928531
0.928485
0.928439
0.928394
0.928348
0.928303
0.928257
0.928211
0.928166
0.928121
0.928075
0.92803
0.927985
0.927939
0.927894
0.927849
0.927804
0.927759
0.927714
0.927668
0.927623
0.927578
0.927534
0.927489
0.927444
0.927399
0.927354
0.927309
0.927265
0.92722
0.927175
0.927131
0.927086
0.927041
0.926997
0.926952
0.926908
0.926863
0.926819
0.926775
0.92673
0.926686
0.926642
0.926597
0.926553
0.926509
0.926465
0.926421
0.926377
0.926332
0.926288
0.926244
0.9262
0.926157
0.926113
0.926069
0.926025
0.925981
0.925937
0.925893
0.92585
0.925806
0.925762
0.925719
0.925675
0.925631
0.925588
0.925544
0.925501
0.925457
0.925414
0.92537
0.925327
0.925283
0.92524
0.925197
0.925153
0.92511
0.925067
0.925023
0.92498
0.924937
0.924894
0.924851
0.924808
0.924764
0.924721
0.924678
0.924635
0.924592
0.924549
0.924506
0.924463
0.924421
0.924378
0.924335
0.924292
0.924249
0.924206
0.924164
0.924121
0.924078
0.924035
0.923993
0.92395
0.923907
0.923865
0.923822
0.923779
0.923737
0.923694
0.923652
0.923609
0.923567
0.923524
0.923482
0.923439
0.923397
0.923355
0.923312
0.92327
0.923227
0.923185
0.923143
0.923101
0.923058
0.923016
0.922974
0.922932
0.922889
0.922847
0.922805
0.922763
0.922721
0.922679
0.922636
0.922594
0.922552
0.92251
0.922468
0.922426
0.922384
0.922342
0.9223
0.922258
0.922216
0.922174
0.922132
0.92209
0.922049
0.922007
0.921965
0.921923
0.921881
0.921839
0.921797
0.921756
0.921714
0.921672
0.92163
0.921589
0.921547
0.921505
0.921463
0.921422
0.92138
0.921338
0.921297
0.921255
0.921213
0.921172
0.92113
0.921089
0.921047
0.921005
0.920964
0.920922
0.920881
0.920839
0.920798
0.920756
0.920714
0.920673
0.920631
0.92059
0.920548
0.920507
0.920466
0.920424
0.920383
0.920341
0.9203
0.920258
0.920217
0.920175
0.920134
0.920093
0.920051
0.92001
0.919969
0.919927
0.919886
0.919844
0.919803
0.919762
0.91972
0.919679
0.919638
0.919596
0.919555
0.919514
0.919473
0.919431
0.91939
0.919349
0.919307
0.919266
0.919225
0.919184
0.919142
0.919101
0.91906
0.919019
0.918977
0.918936
0.918895
0.918854
0.918812
0.918771
0.91873
0.918689
0.918648
0.918606
0.918565
0.918524
0.918483
0.918442
0.9184
0.918359
0.918318
0.918277
0.918236
0.918194
0.918153
0.918112
0.918071
0.91803
0.917989
0.917947
0.917906
0.917865
0.917824
0.917783
0.917742
0.9177
0.917659
0.917618
0.917577
0.917536
0.917495
0.917453
0.917412
0.917371
0.91733
0.917289
0.917248
0.917206
0.917165
0.917124
0.917083
0.917042
0.917001
0.916959
0.916918
0.916877
0.916836
0.916795
0.916753
0.916712
0.916671
0.91663
0.916589
0.916548
0.916506
0.916465
0.916424
0.916383
0.916342
0.9163
0.916259
0.916218
0.916177
0.916135
0.916094
0.916053
0.916012
0.915971
0.915929
0.915888
0.915847
0.915806
0.915764
0.915723
0.915682
0.915641
0.915599
0.915558
0.915517
0.915475
0.915434
0.915393
0.915352
0.91531
0.915269
0.915228
0.915186
0.915145
0.915104
0.915062
0.915021
0.91498
0.914938
0.914897
0.914855
0.914814
0.914773
0.914731
0.91469
0.914649
0.914607
0.914566
0.914524
0.914483
0.914441
0.9144
0.914359
0.914317
0.914276
0.914234
0.914193
0.914151
0.91411
0.914068
0.914027
0.913985
0.913944
0.913902
0.913861
0.913819
0.913778
0.913736
0.913694
0.913653
0.913611
0.91357
0.913528
0.913486
0.913445
0.913403
0.913362
0.91332
0.913278
0.913237
0.913195
0.913153
0.913112
0.91307
0.913028
0.912986
0.912945
0.912903
0.912861
0.91282
0.912778
0.912736
0.912694
0.912652
0.912611
0.912569
0.912527
0.912485
0.912443
0.912401
0.91236
0.912318
0.912276
0.912234
0.912192
0.91215
0.912108
0.912066
0.912024
0.911982
0.91194
0.911898
0.911856
0.911814
0.911772
0.91173
0.911688
0.911646
0.911604
0.911562
0.91152
0.911478
0.911436
0.911394
0.911352
0.911309
0.911267
0.911225
0.911183
0.911141
0.911099
0.911056
0.911014
0.910972
0.91093
0.910887
0.910845
0.910803
0.91076
0.910718
0.910676
0.910634
0.910591
0.910549
0.910506
0.910464
0.910422
0.910379
0.910337
0.910294
0.910252
0.910209
0.910167
0.910124
0.910082
0.910039
0.909997
0.909954
0.909912
0.909869
0.909827
0.909784
0.909741
0.909699
0.909656
0.909614
0.909571
0.909528
0.909485
0.909443
0.9094
0.909357
0.909315
0.909272
0.909229
0.909186
0.909143
0.909101
0.909058
0.909015
0.908972
0.908929
0.908886
0.908843
0.9088
0.908758
0.908715
0.908672
0.908629
0.908586
0.908543
0.9085
0.908457
0.908414
0.90837
0.908327
0.908284
0.908241
0.908198
0.908155
0.908112
0.908069
0.908025
0.907982
0.907939
0.907896
0.907853
0.907809
0.907766
0.907723
0.907679
0.907636
0.907593
0.907549
0.907506
0.907463
0.907419
0.907376
0.907332
0.907289
0.907245
0.907202
0.907159
0.907115
0.907071
0.907028
0.906984
0.906941
0.906897
0.906854
0.90681
0.906766
0.906723
0.906679
0.906635
0.906592
0.906548
0.906504
0.906461
0.906417
0.906373
0.906329
0.906285
0.906242
0.906198
0.906154
0.90611
0.906066
0.906022
0.905978
0.905934
0.90589
0.905846
0.905803
0.905759
0.905715
0.90567
0.905626
0.905582
0.905538
0.905494
0.90545
0.905406
0.905362
0.905318
0.905273
0.905229
0.905185
0.905141
0.905097
0.905052
0.905008
0.904964
0.904919
0.904875
0.904831
0.904786
0.904742
0.904698
0.904653
0.904609
0.904564
0.90452
0.904475
0.904431
0.904386
0.904342
0.904297
0.904253
0.904208
0.904164
0.904119
0.904074
0.90403
0.903985
0.90394
0.903896
0.903851
0.903806
0.903762
0.903717
0.903672
0.903627
0.903582
0.903538
0.903493
0.903448
0.903403
0.903358
0.903313
0.903268
0.903223
0.903178
0.903133
0.903088
0.903043
0.902998
0.902953
0.902908
0.902863
0.902818
0.902773
0.902728
0.902683
0.902638
0.902592
0.902547
0.902502
0.902457
0.902412
0.902366
0.902321
0.902276
0.90223
0.902185
0.90214
0.902094
0.902049
0.902004
0.901958
0.901913
0.901867
0.901822
0.901776
0.901731
0.901685
0.90164
0.901594
0.901549
0.901503
0.901457
0.901412
0.901366
0.901321
0.901275
0.901229
0.901183
0.901138
0.901092
0.901046
0.901001
0.900955
0.900909
0.900863
0.900817
0.900771
0.900726
0.90068
0.900634
0.900588
0.900542
0.900496
0.90045
0.900404
0.900358
0.900312
0.900266
0.90022
0.900174
0.900128
0.900082
0.900035
0.899989
0.899943
0.899897
0.899851
0.899805
0.899758
0.899712
0.899666
0.89962
0.899573
0.899527
0.899481
0.899434
0.899388
0.899342
0.899295
0.899249
0.899202
0.899156
0.899109
0.899063
0.899016
0.89897
0.898923
0.898877
0.89883
0.898784
0.898737
0.898691
0.898644
0.898597
0.898551
0.898504
0.898457
0.898411
0.898364
0.898317
0.89827
0.898224
0.898177
0.89813
0.898083
0.898036
0.897989
0.897943
0.897896
0.897849
0.897802
0.897755
0.897708
0.897661
0.897614
0.897567
0.89752
0.897473
0.897426
0.897379
0.897332
0.897285
0.897237
0.89719
0.897143
0.897096
0.897049
0.897002
0.896954
0.896907
0.89686
0.896813
0.896765
0.896718
0.896671
0.896623
0.896576
0.896529
0.896481
0.896434
0.896387
0.896339
0.896292
0.896244
0.896197
0.896149
0.896102
0.896054
0.896007
0.895959
0.895912
0.895864
0.895816
0.895769
0.895721
0.895674
0.895626
0.895578
0.895531
0.895483
0.895435
0.895387
0.89534
0.895292
0.895244
0.895196
0.895148
0.895101
0.895053
0.895005
0.894957
0.894909
0.894861
0.894813
0.894765
0.894717
0.894669
0.894621
0.894573
0.894525
0.894477
0.894429
0.894381
0.894333
0.894285
0.894237
0.894189
0.894141
0.894093
0.894044
0.893996
0.893948
0.8939
0.893852
0.893803
0.893755
0.893707
0.893658
0.89361
0.893562
0.893513
0.893465
0.893417
0.893368
0.89332
0.893272
0.893223
0.893175
0.893126
0.893078
0.893029
0.892981
0.892932
0.892884
0.892835
0.892787
0.892738
0.892689
0.892641
0.892592
0.892544
0.892495
0.892446
0.892398
0.892349
0.8923
0.892251
0.892203
0.892154
0.892105
0.892056
0.892008
0.891959
0.89191
0.891861
0.891812
0.891763
0.891715
0.891666
0.891617
0.891568
0.891519
0.89147
0.891421
0.891372
0.891323
0.891274
0.891225
0.891176
0.891127
0.891078
0.891029
0.89098
0.890931
0.890881
0.890832
0.890783
0.890734
0.890685
0.890636
0.890586
0.890537
0.890488
0.890439
0.890389
0.89034
0.890291
0.890242
0.890192
0.890143
0.890094
0.890044
0.889995
0.889946
0.889896
0.889847
0.889797
0.889748
0.889698
0.889649
0.8896
0.88955
0.889501
0.889451
0.889401
0.889352
0.889302
0.889253
0.889203
0.889154
0.889104
0.889054
0.889005
0.888955
0.888905
0.888856
0.888806
0.888756
0.888707
0.888657
0.888607
0.888558
0.888508
0.888458
0.888408
0.888358
0.888309
0.888259
0.888209
0.888159
0.888109
0.888059
0.888009
0.88796
0.88791
0.88786
0.88781
0.88776
0.88771
0.88766
0.88761
0.88756
0.88751
0.88746
0.88741
0.88736
0.88731
0.88726
0.887209
0.887159
0.887109
0.887059
0.887009
0.886959
0.886909
0.886858
0.886808
0.886758
0.886708
0.886658
0.886607
0.886557
0.886507
0.886457
0.886406
0.886356
0.886306
0.886255
0.886205
0.886155
0.886104
0.886054
0.886004
0.885953
0.885903
0.885852
0.885802
0.885752
0.885701
0.885651
0.8856
0.88555
0.885499
0.885449
0.885398
0.885348
0.885297
0.885247
0.885196
0.885145
0.885095
0.885044
0.884994
0.884943
0.884892
0.884842
0.884791
0.88474
0.88469
0.884639
0.884588
0.884538
0.884487
0.884436
0.884385
0.884335
0.884284
0.884233
0.884182
0.884132
0.884081
0.88403
0.883979
0.883928
0.883877
0.883827
0.883776
0.883725
0.883674
0.883623
0.883572
0.883521
0.88347
0.883419
0.883368
0.883317
0.883266
0.883215
0.883164
0.883113
0.883062
0.883011
0.88296
0.882909
0.882858
0.882807
0.882756
0.882705
0.882654
0.882603
0.882552
0.8825
0.882449
0.882398
0.882347
0.882296
0.882245
0.882193
0.882142
0.882091
0.88204
0.881989
0.881937
0.881886
0.881835
0.881783
0.881732
0.881681
0.88163
0.881578
0.881527
0.881476
0.881424
0.881373
0.881322
0.88127
0.881219
0.881167
0.881116
0.881065
0.881013
0.880962
0.88091
0.880859
0.880807
0.880756
0.880704
0.880653
0.880601
0.88055
0.880498
0.880447
0.880395
0.880344
0.880292
0.880241
0.880189
0.880138
0.880086
0.880034
0.879983
0.879931
0.879879
0.879828
0.879776
0.879725
0.879673
0.879621
0.87957
0.879518
0.879466
0.879414
0.879363
0.879311
0.879259
0.879208
0.879156
0.879104
0.879052
0.879
0.878949
0.878897
0.878845
0.878793
0.878741
0.87869
0.878638
0.878586
0.878534
0.878482
0.87843
0.878378
0.878327
0.878275
0.878223
0.878171
0.878119
0.878067
0.878015
0.877963
0.877911
0.877859
0.877807
0.877755
0.877703
0.877651
0.877599
0.877547
0.877495
0.877443
0.877391
0.877339
0.877287
0.877235
0.877183
0.877131
0.877079
0.877027
0.876975
0.876922
0.87687
0.876818
0.876766
0.876714
0.876662
0.87661
0.876558
0.876505
0.876453
0.876401
0.876349
0.876297
0.876244
0.876192
0.87614
0.876088
0.876035
0.875983
0.875931
0.875879
0.875826
0.875774
0.875722
0.87567
0.875617
0.875565
0.875513
0.87546
0.875408
0.875356
0.875303
0.875251
0.875199
0.875146
0.875094
0.875042
0.874989
0.874937
0.874884
0.874832
0.87478
0.874727
0.874675
0.874622
0.87457
0.874517
0.874465
0.874412
0.87436
0.874308
0.874255
0.874203
0.87415
0.874098
0.874045
0.873993
0.87394
0.873887
0.873835
0.873782
0.87373
0.873677
0.873625
0.873572
0.87352
0.873467
0.873414
0.873362
0.873309
0.873257
0.873204
0.873151
0.873099
0.873046
0.872993
0.872941
0.872888
0.872836
0.872783
0.87273
0.872677
0.872625
0.872572
0.872519
0.872467
0.872414
0.872361
0.872309
0.872256
0.872203
0.87215
0.872098
0.872045
0.871992
0.871939
0.871887
0.871834
0.871781
0.871728
0.871675
0.871623
0.87157
0.871517
0.871464
0.871411
0.871359
0.871306
0.871253
0.8712
0.871147
0.871094
0.871041
0.870989
0.870936
0.870883
0.87083
0.870777
0.870724
0.870671
0.870618
0.870565
0.870513
0.87046
0.870407
0.870354
0.870301
0.870248
0.870195
0.870142
0.870089
0.870036
0.869983
0.86993
0.869877
0.869824
0.869771
0.869718
0.869665
0.869612
0.869559
0.869506
0.869453
0.8694
0.869347
0.869294
0.869241
0.869188
0.869135
0.869082
0.869029
0.868976
0.868922
0.868869
0.868816
0.868763
0.86871
0.868657
0.868604
0.868551
0.868498
0.868445
0.868391
0.868338
0.868285
0.868232
0.868179
0.868126
0.868073
0.868019
0.867966
0.867913
0.86786
0.867807
0.867754
0.8677
0.867647
0.867594
0.867541
0.867488
0.867434
0.867381
0.867328
0.867275
0.867222
0.867168
0.867115
0.867062
0.867009
0.866955
0.866902
0.866849
0.866796
0.866742
0.866689
0.866636
0.866582
0.866529
0.866476
0.866423
0.866369
0.866316
0.866263
0.866209
0.866156
0.866103
0.866049
0.865996
0.865943
0.865889
0.865836
0.865783
0.865729
0.865676
0.865623
0.865569
0.865516
0.865463
0.865409
0.865356
0.865302
0.865249
0.865196
0.865142
0.865089
0.865036
0.864982
0.864929
0.864875
0.864822
0.864769
0.864715
0.864662
0.864608
0.864555
0.864501
0.864448
0.864394
0.864341
0.864288
0.864234
0.864181
0.864127
0.864074
0.86402
0.863967
0.863913
0.86386
0.863806
0.863753
0.863699
0.863646
0.863592
0.863539
0.863485
0.863432
0.863378
0.863325
0.863271
0.863218
0.863164
0.863111
0.863057
0.863004
0.86295
0.862897
0.862843
0.86279
0.862736
0.862682
0.862629
0.862575
0.862522
0.862468
0.862415
0.862361
0.862308
0.862254
0.8622
0.862147
0.862093
0.86204
0.861986
0.861932
0.861879
0.861825
0.861772
0.861718
0.861664
0.861611
0.861557
0.861504
0.86145
0.861396
0.861343
0.861289
0.861235
0.861182
0.861128
0.861075
0.861021
0.860967
0.860914
0.86086
0.860806
0.860753
0.860699
0.860645
0.860592
0.860538
0.860484
0.860431
0.860377
0.860323
0.86027
0.860216
0.860162
0.860108
0.860055
0.860001
0.859947
0.859894
0.85984
0.859786
0.859733
0.859679
0.859625
0.859571
0.859518
0.859464
0.85941
0.859357
0.859303
0.859249
0.859195
0.859142
0.859088
0.859034
0.85898
0.858927
0.858873
0.858819
0.858765
0.858712
0.858658
0.858604
0.85855
0.858497
0.858443
0.858389
0.858335
0.858282
0.858228
0.858174
0.85812
0.858066
0.858013
0.857959
0.857905
0.857851
0.857798
0.857744
0.85769
0.857636
0.857582
0.857529
0.857475
0.857421
0.857367
0.857313
0.857259
0.857206
0.857152
0.857098
0.857044
0.85699
0.856937
0.856883
0.856829
0.856775
0.856721
0.856667
0.856614
0.85656
0.856506
0.856452
0.856398
0.856344
0.856291
0.856237
0.856183
0.856129
0.856075
0.856021
0.855967
0.855914
0.85586
0.855806
0.855752
0.855698
0.855644
0.85559
0.855537
0.855483
0.855429
0.855375
0.855321
0.855267
0.855213
0.855159
0.855106
0.855052
0.854998
0.854944
0.85489
0.854836
0.854782
0.854728
0.854674
0.854621
0.854567
0.854513
0.854459
0.854405
0.854351
0.854297
0.854243
0.854189
0.854135
0.854082
0.854028
0.853974
0.85392
0.853866
0.853812
0.853758
0.853704
0.85365
0.853596
0.853542
0.853488
0.853435
0.853381
0.853327
0.853273
0.853219
0.853165
0.853111
0.853057
0.853003
0.852949
0.852895
0.852841
0.852787
0.852733
0.852679
0.852625
0.852572
0.852518
0.852464
0.85241
0.852356
0.852302
0.852248
0.852194
0.85214
0.852086
0.852032
0.851978
0.851924
0.85187
0.851816
0.851762
0.851708
0.851654
0.8516
0.851546
0.851492
0.851438
0.851385
0.851331
0.851277
0.851223
0.851169
0.851115
0.851061
0.851007
0.850953
0.850899
0.850845
0.850791
0.850737
0.850683
0.850629
0.850575
0.850521
0.850467
0.850413
0.850359
0.850305
0.850251
0.850197
0.850143
0.850089
0.850035
0.849981
0.849927
0.849873
0.849819
0.849765
0.849711
0.849657
0.849603
0.849549
0.849495
0.849441
0.849387
0.849333
0.849279
0.849225
0.849171
0.849117
0.849063
0.849009
0.848955
0.848901
0.848847
0.848793
0.848739
0.848685
0.848631
0.848577
0.848523
0.848469
0.848415
0.848361
0.848307
0.848253
0.848199
0.848145
0.848091
0.848037
0.847983
0.847929
0.847875
0.847821
0.847767
0.847713
0.847659
0.847605
0.847551
0.847497
0.847443
0.847389
0.847335
0.847281
0.847227
0.847173
0.847119
0.847065
0.847011
0.846957
0.846903
0.846849
0.846795
0.846741
0.846687
0.846633
0.846579
0.846525
0.846471
0.846416
0.846362
0.846308
0.846254
0.8462
0.846146
0.846092
0.846038
0.845984
0.84593
0.845876
0.845822
0.845768
0.845714
0.84566
0.845606
0.845552
0.845498
0.845444
0.84539
0.845336
0.845282
0.845228
0.845174
0.84512
0.845066
0.845012
0.844958
0.844904
0.84485
0.844796
0.844742
0.844688
0.844633
0.844579
0.844525
0.844471
0.844417
0.844363
0.844309
0.844255
0.844201
0.844147
0.844093
0.844039
0.843985
0.843931
0.843877
0.843823
0.843769
0.843715
0.843661
0.843607
0.843553
0.843499
0.843445
0.843391
0.843337
0.843282
0.843228
0.843174
0.84312
0.843066
0.843012
0.842958
0.842904
0.84285
0.842796
0.842742
0.842688
0.842634
0.84258
0.842526
0.842472
0.842418
0.842364
0.84231
0.842256
0.842202
0.842148
0.842093
0.842039
0.841985
0.841931
0.841877
0.841823
0.841769
0.841715
0.841661
0.841607
0.841553
0.841499
0.841445
0.841391
0.841337
0.841283
0.841229
0.841175
0.841121
0.841067
0.841012
0.840958
0.840904
0.84085
0.840796
0.840742
0.840688
0.840634
0.84058
0.840526
0.840472
0.840418
0.840364
0.84031
0.840256
0.840202
0.840147
0.840093
0.840039
0.839985
0.839931
0.839877
0.839823
0.839769
0.839715
0.839661
0.839607
0.839553
0.839499
0.839445
0.839391
0.839336
0.839282
0.839228
0.839174
0.83912
0.839066
0.839012
0.838958
0.838904
0.83885
0.838796
0.838742
0.838688
0.838634
0.838579
0.838525
0.838471
0.838417
0.838363
0.838309
0.838255
0.838201
0.838147
0.838093
0.838039
0.837985
0.83793
0.837876
0.837822
0.837768
0.837714
0.83766
0.837606
0.837552
0.837498
0.837444
0.837389
0.837335
0.837281
0.837227
0.837173
0.837119
0.837065
0.837011
0.836957
0.836903
0.836848
0.836794
0.83674
0.836686
0.836632
0.836578
0.836524
0.83647
0.836415
0.836361
0.836307
0.836253
0.836199
0.836145
0.836091
0.836037
0.835982
0.835928
0.835874
0.83582
0.835766
0.835712
0.835658
0.835603
0.835549
0.835495
0.835441
0.835387
0.835333
0.835279
0.835224
0.83517
0.835116
0.835062
0.835008
0.834954
0.834899
0.834845
0.834791
0.834737
0.834683
0.834629
0.834574
0.83452
0.834466
0.834412
0.834358
0.834303
0.834249
0.834195
0.834141
0.834087
0.834032
0.833978
0.833924
0.83387
0.833816
0.833761
0.833707
0.833653
0.833599
0.833544
0.83349
0.833436
0.833382
0.833327
0.833273
0.833219
0.833165
0.83311
0.833056
0.833002
0.832948
0.832893
0.832839
0.832785
0.832731
0.832676
0.832622
0.832568
0.832513
0.832459
0.832405
0.832351
0.832296
0.832242
0.832188
0.832133
0.832079
0.832025
0.83197
0.831916
0.831862
0.831807
0.831753
0.831699
0.831644
0.83159
0.831535
0.831481
0.831427
0.831372
0.831318
0.831264
0.831209
0.831155
0.8311
0.831046
0.830992
0.830937
0.830883
0.830828
0.830774
0.830719
0.830665
0.830611
0.830556
0.830502
0.830447
0.830393
0.830338
0.830284
0.830229
0.830175
0.83012
0.830066
0.830011
0.829957
0.829902
0.829848
0.829793
0.829739
0.829684
0.82963
0.829575
0.82952
0.829466
0.829411
0.829357
0.829302
0.829247
0.829193
0.829138
0.829084
0.829029
0.828974
0.82892
0.828865
0.82881
0.828756
0.828701
0.828646
0.828592
0.828537
0.828482
0.828428
0.828373
0.828318
0.828263
0.828209
0.828154
0.828099
0.828044
0.82799
0.827935
0.82788
0.827825
0.82777
0.827716
0.827661
0.827606
0.827551
0.827496
0.827441
0.827387
0.827332
0.827277
0.827222
0.827167
0.827112
0.827057
0.827002
0.826947
0.826892
0.826837
0.826782
0.826727
0.826672
0.826617
0.826562
0.826507
0.826452
0.826397
0.826342
0.826287
0.826232
0.826177
0.826122
0.826067
0.826011
0.825956
0.825901
0.825846
0.825791
0.825736
0.82568
0.825625
0.82557
0.825515
0.825459
0.825404
0.825349
0.825294
0.825238
0.825183
0.825128
0.825072
0.825017
0.824962
0.824906
0.824851
0.824795
0.82474
0.824685
0.824629
0.824574
0.824518
0.824463
0.824407
0.824352
0.824296
0.82424
0.824185
0.824129
0.824074
0.824018
0.823962
0.823907
0.823851
0.823795
0.82374
0.823684
0.823628
0.823573
0.823517
0.823461
0.823405
0.823349
0.823294
0.823238
0.823182
0.823126
0.82307
0.823014
0.822958
0.822902
0.822846
0.82279
0.822734
0.822678
0.822622
0.822566
0.82251
0.822454
0.822398
0.822342
0.822286
0.82223
0.822173
0.822117
0.822061
0.822005
0.821949
0.821892
0.821836
0.82178
0.821723
0.821667
0.821611
0.821554
0.821498
0.821441
0.821385
0.821328
0.821272
0.821215
0.821159
0.821102
0.821046
0.820989
0.820932
0.820876
0.820819
0.820762
0.820706
0.820649
0.820592
0.820535
0.820479
0.820422
0.820365
0.820308
0.820251
0.820194
0.820137
0.82008
0.820023
0.819966
0.819909
0.819852
0.819795
0.819738
0.819681
0.819623
0.819566
0.819509
0.819452
0.819395
0.819337
0.81928
0.819223
0.819165
0.819108
0.81905
0.818993
0.818935
0.818878
0.81882
0.818763
0.818705
0.818648
0.81859
0.818532
0.818474
0.818417
0.818359
0.818301
0.818243
0.818186
0.818128
0.81807
0.818012
0.817954
0.817896
0.817838
0.81778
0.817722
0.817664
0.817606
0.817547
0.817489
0.817431
0.817373
0.817314
0.817256
0.817198
0.817139
0.817081
0.817022
0.816964
0.816905
0.816847
0.816788
0.81673
0.816671
0.816612
0.816554
0.816495
0.816436
0.816377
0.816319
0.81626
0.816201
0.816142
0.816083
0.816024
0.815965
0.815906
0.815847
0.815788
0.815728
0.815669
0.81561
0.815551
0.815491
0.815432
0.815373
0.815313
0.815254
0.815194
0.815135
0.815075
0.815016
0.814956
0.814896
0.814837
0.814777
0.814717
0.814657
0.814597
0.814537
0.814478
0.814418
0.814358
0.814298
0.814237
0.814177
0.814117
0.814057
0.813997
0.813936
0.813876
0.813816
0.813755
0.813695
0.813635
0.813574
0.813513
0.813453
0.813392
0.813332
0.813271
0.81321
0.813149
0.813088
0.813028
0.812967
0.812906
0.812845
0.812784
0.812723
0.812662
0.8126
0.812539
0.812478
0.812417
0.812355
0.812294
0.812232
0.812171
0.81211
0.812048
0.811986
0.811925
0.811863
0.811801
0.81174
0.811678
0.811616
0.811554
0.811492
0.81143
0.811368
0.811306
0.811244
0.811182
0.81112
0.811057
0.810995
0.810933
0.81087
0.810808
0.810745
0.810683
0.81062
0.810558
0.810495
0.810432
0.81037
0.810307
0.810244
0.810181
0.810118
0.810055
0.809992
0.809929
0.809866
0.809803
0.80974
0.809676
0.809613
0.80955
0.809486
0.809423
0.809359
0.809296
0.809232
0.809168
0.809105
0.809041
0.808977
0.808913
0.808849
0.808786
0.808722
0.808657
0.808593
0.808529
0.808465
0.808401
0.808337
0.808272
0.808208
0.808143
0.808079
0.808014
0.80795
0.807885
0.80782
0.807756
0.807691
0.807626
0.807561
0.807496
0.807431
0.807366
0.807301
0.807236
0.807171
0.807106
0.80704
0.806975
0.80691
0.806844
0.806779
0.806713
0.806647
0.806582
0.806516
0.80645
0.806385
0.806319
0.806253
0.806187
0.806121
0.806055
0.805989
0.805922
0.805856
0.80579
0.805724
0.805657
0.805591
0.805524
0.805458
0.805391
0.805325
0.805258
0.805191
0.805124
0.805057
0.80499
0.804924
0.804856
0.804789
0.804722
0.804655
0.804588
0.804521
0.804453
0.804386
0.804318
0.804251
0.804183
0.804116
0.804048
0.80398
0.803913
0.803845
0.803777
0.803709
0.803641
0.803573
0.803505
0.803437
0.803369
0.8033
0.803232
0.803164
0.803095
0.803027
0.802958
0.80289
0.802821
0.802752
0.802684
0.802615
0.802546
0.802477
0.802408
0.802339
0.80227
0.802201
0.802132
0.802062
0.801993
0.801924
0.801854
0.801785
0.801715
0.801646
0.801576
0.801507
0.801437
0.801367
0.801297
0.801227
0.801158
0.801088
0.801017
0.800947
0.800877
0.800807
0.800737
0.800666
0.800596
0.800526
0.800455
0.800385
0.800314
0.800243
0.800173
0.800102
0.800031
0.79996
0.799889
0.799818
0.799747
0.799676
0.799605
0.799534
0.799463
0.799392
0.79932
0.799249
0.799177
0.799106
0.799034
0.798963
0.798891
0.798819
0.798748
0.798676
0.798604
0.798532
0.79846
0.798388
0.798316
0.798244
0.798172
0.798099
0.798027
0.797955
0.797882
0.79781
0.797737
0.797665
0.797592
0.797519
0.797447
0.797374
0.797301
0.797228
0.797155
0.797082
0.797009
0.796936
0.796863
0.79679
0.796717
0.796643
0.79657
0.796497
0.796423
0.79635
0.796276
0.796203
0.796129
0.796055
0.795981
0.795908
0.795834
0.79576
0.795686
0.795612
0.795538
0.795464
0.79539
0.795315
0.795241
0.795167
0.795092
0.795018
0.794944
0.794869
0.794794
0.79472
0.794645
0.794571
0.794496
0.794421
0.794346
0.794271
0.794196
0.794121
0.794046
0.793971
0.793896
0.793821
0.793746
0.79367
0.793595
0.79352
0.793444
0.793369
0.793293
0.793218
0.793142
0.793066
0.792991
0.792915
0.792839
0.792763
0.792687
0.792611
0.792535
0.792459
0.792383
0.792307
0.792231
0.792155
0.792078
0.792002
0.791926
0.791849
0.791773
0.791696
0.79162
0.791543
0.791467
0.79139
0.791313
0.791236
0.79116
0.791083
0.791006
0.790929
0.790852
0.790775
0.790698
0.790621
0.790544
0.790466
0.790389
0.790312
0.790235
0.790157
0.79008
0.790002
0.789925
0.789847
0.78977
0.789692
0.789615
0.789537
0.789459
0.789381
0.789304
0.789226
0.789148
0.78907
0.788992
0.788914
0.788836
0.788758
0.78868
0.788601
0.788523
0.788445
0.788367
0.788288
0.78821
0.788132
0.788053
0.787975
0.787896
0.787818
0.787739
0.78766
0.787582
0.787503
0.787424
0.787345
0.787267
0.787188
0.787109
0.78703
0.786951
0.786872
0.786793
0.786714
0.786635
0.786556
0.786477
0.786397
0.786318
0.786239
0.78616
0.78608
0.786001
0.785922
0.785842
0.785763
0.785683
0.785604
0.785524
0.785444
0.785365
0.785285
0.785205
0.785126
0.785046
0.784966
0.784886
0.784806
0.784727
0.784647
0.784567
0.784487
0.784407
0.784327
0.784247
0.784167
0.784086
0.784006
0.783926
0.783846
0.783766
0.783685
0.783605
0.783525
0.783444
0.783364
0.783284
0.783203
0.783123
0.783042
0.782962
0.782881
0.782801
0.78272
0.782639
0.782559
0.782478
0.782397
0.782317
0.782236
0.782155
0.782074
0.781994
0.781913
0.781832
0.781751
0.78167
0.781589
0.781508
0.781427
0.781346
0.781265
0.781184
0.781103
0.781022
0.780941
0.78086
0.780779
0.780697
0.780616
0.780535
0.780454
0.780372
0.780291
0.78021
0.780129
0.780047
0.779966
0.779884
0.779803
0.779722
0.77964
0.779559
0.779477
0.779396
0.779314
0.779233
0.779151
0.77907
0.778988
0.778906
0.778825
0.778743
0.778661
0.77858
0.778498
0.778416
0.778335
0.778253
0.778171
0.778089
0.778008
0.777926
0.777844
0.777762
0.77768
0.777598
0.777517
0.777435
0.777353
0.777271
0.777189
0.777107
0.777025
0.776943
0.776861
0.776779
0.776697
0.776615
0.776533
0.776451
0.776369
0.776287
0.776205
0.776123
0.776041
0.775959
0.775877
0.775794
0.775712
0.77563
0.775548
0.775466
0.775384
0.775301
0.775219
0.775137
0.775055
0.774973
0.77489
0.774808
0.774726
0.774644
0.774562
0.774479
0.774397
0.774315
0.774232
0.77415
0.774068
0.773986
0.773903
0.773821
0.773739
0.773656
0.773574
0.773492
0.773409
0.773327
0.773245
0.773162
0.77308
0.772998
0.772915
0.772833
0.772751
0.772668
0.772586
0.772503
0.772421
0.772339
0.772256
0.772174
0.772091
0.772009
0.771927
0.771844
0.771762
0.77168
0.771597
0.771515
0.771432
0.77135
0.771268
0.771185
0.771103
0.77102
0.770938
0.770856
0.770773
0.770691
0.770608
0.770526
0.770444
0.770361
0.770279
0.770196
0.770114
0.770032
0.769949
0.769867
0.769785
0.769702
0.76962
0.769538
0.769455
0.769373
0.76929
0.769208
0.769126
0.769043
0.768961
0.768879
0.768796
0.768714
0.768632
0.76855
0.768467
0.768385
0.768303
0.76822
0.768138
0.768056
0.767974
0.767891
0.767809
0.767727
0.767645
0.767562
0.76748
0.767398
0.767316
0.767234
0.767151
0.767069
0.766987
0.766905
0.766823
0.766741
0.766658
0.766576
0.766494
0.766412
0.76633
0.766248
0.766166
0.766084
0.766002
0.76592
0.765838
0.765755
0.765673
0.765591
0.765509
0.765427
0.765345
0.765264
0.765182
0.7651
0.765018
0.764936
0.764854
0.764772
0.76469
0.764608
0.764526
0.764445
0.764363
0.764281
0.764199
0.764117
0.764036
0.763954
0.763872
0.76379
0.763709
0.763627
0.763545
0.763463
0.763382
0.7633
0.763219
0.763137
0.763055
0.762974
0.762892
0.762811
0.762729
0.762648
0.762566
0.762485
0.762403
0.762322
0.76224
0.762159
0.762077
0.761996
0.761915
0.761833
0.761752
0.76167
0.761589
0.761508
0.761427
0.761345
0.761264
0.761183
0.761102
0.761021
0.760939
0.760858
0.760777
0.760696
0.760615
0.760534
0.760453
0.760372
0.760291
0.76021
0.760129
0.760048
0.759967
0.759886
0.759805
0.759724
0.759643
0.759562
0.759482
0.759401
0.75932
0.759239
0.759159
0.759078
0.758997
0.758917
0.758836
0.758755
0.758675
0.758594
0.758513
0.758433
0.758352
0.758272
0.758191
0.758111
0.758031
0.75795
0.75787
0.757789
0.757709
0.757629
0.757548
0.757468
0.757388
0.757308
0.757228
0.757147
0.757067
0.756987
0.756907
0.756827
0.756747
0.756667
0.756587
0.756507
0.756427
0.756347
0.756267
0.756187
0.756107
0.756027
0.755948
0.755868
0.755788
0.755708
0.755629
0.755549
0.755469
0.75539
0.75531
0.75523
0.755151
0.755071
0.754992
0.754912
0.754833
0.754753
0.754674
0.754595
0.754515
0.754436
0.754357
0.754277
0.754198
0.754119
0.75404
0.753961
0.753881
0.753802
0.753723
0.753644
0.753565
0.753486
0.753407
0.753328
0.753249
0.75317
0.753091
0.753013
0.752934
0.752855
0.752776
0.752698
0.752619
0.75254
0.752462
0.752383
0.752304
0.752226
0.752147
0.752069
0.75199
0.751912
0.751833
0.751755
0.751677
0.751598
0.75152
0.751442
0.751363
0.751285
0.751207
0.751129
0.751051
0.750973
0.750895
0.750817
0.750739
0.750661
0.750583
0.750505
0.750427
0.750349
0.750271
0.750193
0.750116
0.750038
0.74996
0.749882
0.749805
0.749727
0.74965
0.749572
0.749495
0.749417
0.74934
0.749262
0.749185
0.749107
0.74903
0.748953
0.748875
0.748798
0.748721
0.748644
0.748567
0.74849
0.748412
0.748335
0.748258
0.748181
0.748104
0.748027
0.74795
0.747874
0.747797
0.74772
0.747643
0.747566
0.74749
0.747413
0.747336
0.74726
0.747183
0.747107
0.74703
0.746954
0.746877
0.746801
0.746724
0.746648
0.746572
0.746495
0.746419
0.746343
0.746267
0.74619
0.746114
0.746038
0.745962
0.745886
0.74581
0.745734
0.745658
0.745582
0.745506
0.74543
0.745355
0.745279
0.745203
0.745127
0.745052
0.744976
0.7449
0.744825
0.744749
0.744674
0.744598
0.744523
0.744447
0.744372
0.744297
0.744221
0.744146
0.744071
0.743996
0.74392
0.743845
0.74377
0.743695
0.74362
0.743545
0.74347
0.743395
0.74332
0.743245
0.74317
0.743096
0.743021
0.742946
0.742871
0.742797
0.742722
0.742647
0.742573
0.742498
0.742424
0.742349
0.742275
0.7422
0.742126
0.742051
0.741977
0.741903
0.741829
0.741754
0.74168
0.741606
0.741532
0.741458
0.741384
0.74131
0.741236
0.741162
0.741088
0.741014
0.74094
0.740866
0.740793
0.740719
0.740645
0.740572
0.740498
0.740424
0.740351
0.740277
0.740204
0.74013
0.740057
0.739983
0.73991
0.739837
0.739763
0.73969
0.739617
0.739544
0.73947
0.739397
0.739324
0.739251
0.739178
0.739105
0.739032
0.738959
0.738886
0.738813
0.738741
0.738668
0.738595
0.738522
0.73845
0.738377
0.738304
0.738232
0.738159
0.738087
0.738014
0.737942
0.737869
0.737797
0.737725
0.737652
0.73758
0.737508
0.737436
0.737363
0.737291
0.737219
0.737147
0.737075
0.737003
0.736931
0.736859
0.736787
0.736715
0.736643
0.736572
0.7365
0.736428
0.736356
0.736285
0.736213
0.736141
0.73607
0.735998
0.735927
0.735855
0.735784
0.735713
0.735641
0.73557
0.735499
0.735427
0.735356
0.735285
0.735214
0.735143
0.735071
0.735
0.734929
0.734858
0.734787
0.734717
0.734646
0.734575
0.734504
0.734433
0.734362
0.734292
0.734221
0.73415
0.73408
0.734009
0.733939
0.733868
0.733798
0.733727
0.733657
0.733586
0.733516
0.733446
0.733375
0.733305
0.733235
0.733165
0.733095
0.733024
0.732954
0.732884
0.732814
0.732744
0.732674
0.732604
0.732534
0.732465
0.732395
0.732325
0.732255
0.732186
0.732116
0.732046
0.731977
0.731907
0.731837
0.731768
0.731698
0.731629
0.73156
0.73149
0.731421
0.731352
0.731282
0.731213
0.731144
0.731075
0.731005
0.730936
0.730867
0.730798
0.730729
0.73066
0.730591
0.730522
0.730453
0.730384
0.730316
0.730247
0.730178
0.730109
0.730041
0.729972
0.729903
0.729835
0.729766
0.729698
0.729629
0.729561
0.729492
0.729424
0.729355
0.729287
0.729219
0.729151
0.729082
0.729014
0.728946
0.728878
0.72881
0.728742
0.728673
0.728605
0.728537
0.72847
0.728402
0.728334
0.728266
0.728198
0.72813
0.728062
0.727995
0.727927
0.727859
0.727792
0.727724
0.727657
0.727589
0.727521
0.727454
0.727387
0.727319
0.727252
0.727184
0.727117
0.72705
0.726983
0.726915
0.726848
0.726781
0.726714
0.726647
0.72658
0.726513
0.726446
0.726379
0.726312
0.726245
0.726178
0.726111
0.726044
0.725977
0.725911
0.725844
0.725777
0.725711
0.725644
0.725577
0.725511
0.725444
0.725378
0.725311
0.725245
0.725178
0.725112
0.725046
0.724979
0.724913
0.724847
0.72478
0.724714
0.724648
0.724582
0.724516
0.72445
0.724384
0.724318
0.724252
0.724186
0.72412
0.724054
0.723988
0.723922
0.723856
0.723791
0.723725
0.723659
0.723593
0.723528
0.723462
0.723396
0.723331
0.723265
0.7232
0.723134
0.723069
0.723003
0.722938
0.722873
0.722807
0.722742
0.722677
0.722611
0.722546
0.722481
0.722416
0.722351
0.722286
0.722221
0.722156
0.72209
0.722025
0.721961
0.721896
0.721831
0.721766
0.721701
0.721636
0.721571
0.721507
0.721442
0.721377
0.721313
0.721248
0.721183
0.721119
0.721054
0.72099
0.720925
0.720861
0.720796
0.720732
0.720667
0.720603
0.720539
0.720474
0.72041
0.720346
0.720282
0.720217
0.720153
0.720089
0.720025
0.719961
0.719897
0.719833
0.719769
0.719705
0.719641
0.719577
0.719513
0.719449
0.719385
0.719322
0.719258
0.719194
0.71913
0.719067
0.719003
0.718939
0.718876
0.718812
0.718749
0.718685
0.718622
0.718558
0.718495
0.718431
0.718368
0.718305
0.718241
0.718178
0.718115
0.718051
0.717988
0.717925
0.717862
0.717799
0.717735
0.717672
0.717609
0.717546
0.717483
0.71742
0.717357
0.717294
0.717231
0.717168
0.717106
0.717043
0.71698
0.716917
0.716854
0.716792
0.716729
0.716666
0.716604
0.716541
0.716478
0.716416
0.716353
0.716291
0.716228
0.716166
0.716103
0.716041
0.715979
0.715916
0.715854
0.715791
0.715729
0.715667
0.715605
0.715542
0.71548
0.715418
0.715356
0.715294
0.715232
0.71517
0.715108
0.715046
0.714984
0.714922
0.71486
0.714798
0.714736
0.714674
0.714612
0.71455
0.714489
0.714427
0.714365
0.714303
0.714242
0.71418
0.714118
0.714057
0.713995
0.713933
0.713872
0.71381
0.713749
0.713687
0.713626
0.713565
0.713503
0.713442
0.71338
0.713319
0.713258
0.713196
0.713135
0.713074
0.713013
0.712952
0.71289
0.712829
0.712768
0.712707
0.712646
0.712585
0.712524
0.712463
0.712402
0.712341
0.71228
0.712219
0.712158
0.712097
0.712037
0.711976
0.711915
0.711854
0.711793
0.711733
0.711672
0.711611
0.711551
0.71149
0.711429
0.711369
0.711308
0.711248
0.711187
0.711127
0.711066
0.711006
0.710945
0.710885
0.710825
0.710764
0.710704
0.710644
0.710583
0.710523
0.710463
0.710403
0.710342
0.710282
0.710222
0.710162
0.710102
0.710042
0.709982
0.709921
0.709861
0.709801
0.709741
0.709682
0.709622
0.709562
0.709502
0.709442
0.709382
0.709322
0.709262
0.709203
0.709143
0.709083
0.709023
0.708964
0.708904
0.708844
0.708785
0.708725
0.708665
0.708606
0.708546
0.708487
0.708427
0.708368
0.708308
0.708249
0.708189
0.70813
0.708071
0.708011
0.707952
0.707893
0.707833
0.707774
0.707715
0.707655
0.707596
0.707537
0.707478
0.707419
0.70736
0.7073
0.707241
0.707182
0.707123
0.707064
0.707005
0.706946
0.706887
0.706828
0.706769
0.70671
0.706651
0.706593
0.706534
0.706475
0.706416
0.706357
0.706298
0.70624
0.706181
0.706122
0.706064
0.706005
0.705946
0.705888
0.705829
0.70577
0.705712
0.705653
0.705595
0.705536
0.705478
0.705419
0.705361
0.705302
0.705244
0.705185
0.705127
0.705069
0.70501
0.704952
0.704894
0.704835
0.704777
0.704719
0.70466
0.704602
0.704544
0.704486
0.704428
0.70437
0.704311
0.704253
0.704195
0.704137
0.704079
0.704021
0.703963
0.703905
0.703847
0.703789
0.703731
0.703673
0.703615
0.703557
0.7035
0.703442
0.703384
0.703326
0.703268
0.703211
0.703153
0.703095
0.703037
0.70298
0.702922
0.702864
0.702807
0.702749
0.702691
0.702634
0.702576
0.702519
0.702461
0.702403
0.702346
0.702288
0.702231
0.702174
0.702116
0.702059
0.702001
0.701944
0.701887
0.701829
0.701772
0.701714
0.701657
0.7016
0.701543
0.701485
0.701428
0.701371
0.701314
0.701257
0.701199
0.701142
0.701085
0.701028
0.700971
0.700914
0.700857
0.7008
0.700743
0.700686
0.700629
0.700572
0.700515
0.700458
0.700401
0.700344
0.700287
0.70023
0.700173
0.700116
0.70006
0.700003
0.699946
0.699889
0.699832
0.699776
0.699719
0.699662
0.699606
0.699549
0.699492
0.699436
0.699379
0.699322
0.699266
0.699209
0.699153
0.699096
0.699039
0.698983
0.698926
0.69887
0.698813
0.698757
0.6987
0.698644
0.698588
0.698531
0.698475
0.698418
0.698362
0.698306
0.698249
0.698193
0.698137
0.698081
0.698024
0.697968
0.697912
0.697856
0.697799
0.697743
0.697687
0.697631
0.697575
0.697519
0.697463
0.697407
0.69735
0.697294
0.697238
0.697182
0.697126
0.69707
0.697014
0.696958
0.696902
0.696846
0.696791
0.696735
0.696679
0.696623
0.696567
0.696511
0.696455
0.696399
0.696344
0.696288
0.696232
0.696176
0.696121
0.696065
0.696009
0.695953
0.695898
0.695842
0.695786
0.695731
0.695675
0.695619
0.695564
0.695508
0.695453
0.695397
0.695342
0.695286
0.695231
0.695175
0.69512
0.695064
0.695009
0.694953
0.694898
0.694842
0.694787
0.694731
0.694676
0.694621
0.694565
0.69451
0.694455
0.694399
0.694344
0.694289
0.694234
0.694178
0.694123
0.694068
0.694013
0.693957
0.693902
0.693847
0.693792
0.693737
0.693682
0.693626
0.693571
0.693516
0.693461
0.693406
0.693351
0.693296
0.693241
0.693186
0.693131
0.693076
0.693021
0.692966
0.692911
0.692856
0.692801
0.692746
0.692691
0.692637
0.692582
0.692527
0.692472
0.692417
0.692362
0.692308
0.692253
0.692198
0.692143
0.692089
0.692034
0.691979
0.691924
0.69187
0.691815
0.69176
0.691706
0.691651
0.691596
0.691542
0.691487
0.691432
0.691378
0.691323
0.691269
0.691214
0.69116
0.691105
0.691051
0.690996
0.690942
0.690887
0.690833
0.690778
0.690724
0.690669
0.690615
0.690561
0.690506
0.690452
0.690398
0.690343
0.690289
0.690234
0.69018
0.690126
0.690072
0.690017
0.689963
0.689909
0.689855
0.6898
0.689746
0.689692
0.689638
0.689584
0.689529
0.689475
0.689421
0.689367
0.689313
0.689259
0.689205
0.689151
0.689096
0.689042
0.688988
0.688934
0.68888
0.688826
0.688772
0.688718
0.688664
0.68861
0.688556
0.688502
0.688448
0.688395
0.688341
0.688287
0.688233
0.688179
0.688125
0.688071
0.688017
0.687964
0.68791
0.687856
0.687802
0.687748
0.687695
0.687641
0.687587
0.687533
0.68748
0.687426
0.687372
0.687319
0.687265
0.687211
0.687157
0.687104
0.68705
0.686997
0.686943
0.686889
0.686836
0.686782
0.686729
0.686675
0.686621
0.686568
0.686514
0.686461
0.686407
0.686354
0.6863
0.686247
0.686193
0.68614
0.686087
0.686033
0.68598
0.685926
0.685873
0.68582
0.685766
0.685713
0.685659
0.685606
0.685553
0.685499
0.685446
0.685393
0.685339
0.685286
0.685233
0.68518
0.685126
0.685073
0.68502
0.684967
0.684914
0.68486
0.684807
0.684754
0.684701
0.684648
0.684595
0.684541
0.684488
0.684435
0.684382
0.684329
0.684276
0.684223
0.68417
0.684117
0.684064
0.684011
0.683958
0.683905
0.683852
0.683799
0.683746
0.683693
0.68364
0.683587
0.683534
0.683481
0.683428
0.683375
0.683322
0.683269
0.683216
0.683163
0.683111
0.683058
0.683005
0.682952
0.682899
0.682846
0.682794
0.682741
0.682688
0.682635
0.682582
0.68253
0.682477
0.682424
0.682372
0.682319
0.682266
0.682213
0.682161
0.682108
0.682055
0.682003
0.68195
0.681897
0.681845
0.681792
0.68174
0.681687
0.681634
0.681582
0.681529
0.681477
0.681424
0.681372
0.681319
0.681267
0.681214
0.681162
0.681109
0.681057
0.681004
0.680952
0.680899
0.680847
0.680794
0.680742
0.680689
0.680637
0.680585
0.680532
0.68048
0.680428
0.680375
0.680323
0.68027
0.680218
0.680166
0.680113
0.680061
0.680009
0.679957
0.679904
0.679852
0.6798
0.679748
0.679695
0.679643
0.679591
0.679539
0.679486
0.679434
0.679382
0.67933
0.679278
0.679226
0.679173
0.679121
0.679069
0.679017
0.678965
0.678913
0.678861
0.678809
0.678756
0.678704
0.678652
0.6786
0.678548
0.678496
0.678444
0.678392
0.67834
0.678288
0.678236
0.678184
0.678132
0.67808
0.678028
0.677976
0.677924
0.677872
0.677821
0.677769
0.677717
0.677665
0.677613
0.677561
0.677509
0.677457
0.677405
0.677354
0.677302
0.67725
0.677198
0.677146
0.677095
0.677043
0.676991
0.676939
0.676887
0.676836
0.676784
0.676732
0.67668
0.676629
0.676577
0.676525
0.676474
0.676422
0.67637
0.676319
0.676267
0.676215
0.676164
0.676112
0.67606
0.676009
0.675957
0.675905
0.675854
0.675802
0.675751
0.675699
0.675648
0.675596
0.675544
0.675493
0.675441
0.67539
0.675338
0.675287
0.675235
0.675184
0.675132
0.675081
0.675029
0.674978
0.674927
0.674875
0.674824
0.674772
0.674721
0.674669
0.674618
0.674567
0.674515
0.674464
0.674412
0.674361
0.67431
0.674258
0.674207
0.674156
0.674104
0.674053
0.674002
0.673951
0.673899
0.673848
0.673797
0.673745
0.673694
0.673643
0.673592
0.67354
0.673489
0.673438
0.673387
0.673336
0.673284
0.673233
0.673182
0.673131
0.67308
0.673029
0.672977
0.672926
0.672875
0.672824
0.672773
0.672722
0.672671
0.67262
0.672568
0.672517
0.672466
0.672415
0.672364
0.672313
0.672262
0.672211
0.67216
0.672109
0.672058
0.672007
0.671956
0.671905
0.671854
0.671803
0.671752
0.671701
0.67165
0.671599
0.671548
0.671498
0.671447
0.671396
0.671345
0.671294
0.671243
0.671192
0.671141
0.67109
0.67104
0.670989
0.670938
0.670887
0.670836
0.670785
0.670735
0.670684
0.670633
0.670582
0.670531
0.670481
0.67043
0.670379
0.670328
0.670278
0.670227
0.670176
0.670125
0.670075
0.670024
0.669973
0.669923
0.669872
0.669821
0.669771
0.66972
0.669669
0.669619
0.669568
0.669517
0.669467
0.669416
0.669365
0.669315
0.669264
0.669214
0.669163
0.669113
0.669062
0.669011
0.668961
0.66891
0.66886
0.668809
0.668759
0.668708
0.668658
0.668607
0.668557
0.668506
0.668456
0.668405
0.668355
0.668304
0.668254
0.668203
0.668153
0.668103
0.668052
0.668002
0.667951
0.667901
0.66785
0.6678
0.66775
0.667699
0.667649
0.667599
0.667548
0.667498
0.667448
0.667397
0.667347
0.667297
0.667246
0.667196
0.667146
0.667095
0.667045
0.666995
0.666945
0.666894
0.666844
0.666794
0.666744
0.666693
0.666643
0.666593
0.666543
0.666492
0.666442
0.666392
0.666342
0.666292
0.666242
0.666191
0.666141
0.666091
0.666041
0.665991
0.665941
0.66589
0.66584
0.66579
0.66574
0.66569
0.66564
0.66559
0.66554
0.66549
0.66544
0.66539
0.66534
0.66529
0.665239
0.665189
0.665139
0.665089
0.665039
0.664989
0.664939
0.664889
0.664839
0.664789
0.664739
0.66469
0.66464
0.66459
0.66454
0.66449
0.66444
0.66439
0.66434
0.66429
0.66424
0.66419
0.66414
0.66409
0.664041
0.663991
0.663941
0.663891
0.663841
0.663791
0.663741
0.663692
0.663642
0.663592
0.663542
0.663492
0.663443
0.663393
0.663343
0.663293
0.663243
0.663194
0.663144
0.663094
0.663044
0.662995
0.662945
0.662895
0.662846
0.662796
0.662746
0.662696
0.662647
0.662597
0.662547
0.662498
0.662448
0.662398
0.662349
0.662299
0.662249
0.6622
0.66215
0.662101
0.662051
0.662001
0.661952
0.661902
0.661853
0.661803
0.661753
0.661704
0.661654
0.661605
0.661555
0.661506
0.661456
0.661407
0.661357
0.661307
0.661258
0.661208
0.661159
0.661109
0.66106
0.66101
0.660961
0.660912
0.660862
0.660813
0.660763
0.660714
0.660664
0.660615
0.660565
0.660516
0.660467
0.660417
0.660368
0.660318
0.660269
0.66022
0.66017
0.660121
0.660072
0.660022
0.659973
0.659923
0.659874
0.659825
0.659775
0.659726
0.659677
0.659628
0.659578
0.659529
0.65948
0.65943
0.659381
0.659332
0.659283
0.659233
0.659184
0.659135
0.659086
0.659036
0.658987
0.658938
0.658889
0.658839
0.65879
0.658741
0.658692
0.658643
0.658594
0.658544
0.658495
0.658446
0.658397
0.658348
0.658299
0.658249
0.6582
0.658151
0.658102
0.658053
0.658004
0.657955
0.657906
0.657857
0.657808
0.657758
0.657709
0.65766
0.657611
0.657562
0.657513
0.657464
0.657415
0.657366
0.657317
0.657268
0.657219
0.65717
0.657121
0.657072
0.657023
0.656974
0.656925
0.656876
0.656827
0.656778
0.656729
0.65668
0.656631
0.656582
0.656534
0.656485
0.656436
0.656387
0.656338
0.656289
0.65624
0.656191
0.656142
0.656094
0.656045
0.655996
0.655947
0.655898
0.655849
0.6558
0.655752
0.655703
0.655654
0.655605
0.655556
0.655508
0.655459
0.65541
0.655361
0.655312
0.655264
0.655215
0.655166
0.655117
0.655069
0.65502
0.654971
0.654922
0.654874
0.654825
0.654776
0.654727
0.654679
0.65463
0.654581
0.654533
0.654484
0.654435
0.654387
0.654338
0.654289
0.654241
0.654192
0.654143
0.654095
0.654046
0.653998
0.653949
0.6539
0.653852
0.653803
0.653755
0.653706
0.653657
0.653609
0.65356
0.653512
0.653463
0.653415
0.653366
0.653317
0.653269
0.65322
0.653172
0.653123
0.653075
0.653026
0.652978
0.652929
0.652881
0.652832
0.652784
0.652735
0.652687
0.652638
0.65259
0.652542
0.652493
0.652445
0.652396
0.652348
0.652299
0.652251
0.652203
0.652154
0.652106
0.652057
0.652009
0.651961
0.651912
0.651864
0.651815
0.651767
0.651719
0.65167
0.651622
0.651574
0.651525
0.651477
0.651429
0.65138
0.651332
0.651284
0.651235
0.651187
0.651139
0.651091
0.651042
0.650994
0.650946
0.650897
0.650849
0.650801
0.650753
0.650704
0.650656
0.650608
0.65056
0.650512
0.650463
0.650415
0.650367
0.650319
0.650271
0.650222
0.650174
0.650126
0.650078
0.65003
0.649981
0.649933
0.649885
0.649837
0.649789
0.649741
0.649693
0.649645
0.649596
0.649548
0.6495
0.649452
0.649404
0.649356
0.649308
0.64926
0.649212
0.649164
0.649116
0.649067
0.649019
0.648971
0.648923
0.648875
0.648827
0.648779
0.648731
0.648683
0.648635
0.648587
0.648539
0.648491
0.648443
0.648395
0.648347
0.648299
0.648251
0.648203
0.648155
0.648107
0.648059
0.648012
0.647964
0.647916
0.647868
0.64782
0.647772
0.647724
0.647676
0.647628
0.64758
0.647532
0.647485
0.647437
0.647389
0.647341
0.647293
0.647245
0.647197
0.647149
0.647102
0.647054
0.647006
0.646958
0.64691
0.646862
0.646815
0.646767
0.646719
0.646671
0.646623
0.646576
0.646528
0.64648
0.646432
0.646385
0.646337
0.646289
0.646241
0.646194
0.646146
0.646098
0.64605
0.646003
0.645955
0.645907
0.645859
0.645812
0.645764
0.645716
0.645669
0.645621
0.645573
0.645526
0.645478
0.64543
0.645383
0.645335
0.645287
0.64524
0.645192
0.645144
0.645097
0.645049
0.645001
0.644954
0.644906
0.644859
0.644811
0.644763
0.644716
0.644668
0.644621
0.644573
0.644526
0.644478
0.64443
0.644383
0.644335
0.644288
0.64424
0.644193
0.644145
0.644098
0.64405
0.644003
0.643955
0.643908
0.64386
0.643813
0.643765
0.643718
0.64367
0.643623
0.643575
0.643528
0.64348
0.643433
0.643385
0.643338
0.64329
0.643243
0.643195
0.643148
0.643101
0.643053
0.643006
0.642958
0.642911
0.642863
0.642816
0.642769
0.642721
0.642674
0.642626
0.642579
0.642532
0.642484
0.642437
0.64239
0.642342
0.642295
0.642248
0.6422
0.642153
0.642106
0.642058
0.642011
0.641964
0.641916
0.641869
0.641822
0.641774
0.641727
0.64168
0.641632
0.641585
0.641538
0.641491
0.641443
0.641396
0.641349
0.641302
0.641254
0.641207
0.64116
0.641113
0.641065
0.641018
0.640971
0.640924
0.640876
0.640829
0.640782
0.640735
0.640688
0.64064
0.640593
0.640546
0.640499
0.640452
0.640404
0.640357
0.64031
0.640263
0.640216
0.640169
0.640121
0.640074
0.640027
0.63998
0.639933
0.639886
0.639839
0.639792
0.639744
0.639697
0.63965
0.639603
0.639556
0.639509
0.639462
0.639415
0.639368
0.639321
0.639273
0.639226
0.639179
0.639132
0.639085
0.639038
0.638991
0.638944
0.638897
0.63885
0.638803
0.638756
0.638709
0.638662
0.638615
0.638568
0.638521
0.638474
0.638427
0.63838
0.638333
0.638286
0.638239
0.638192
0.638145
0.638098
0.638051
0.638004
0.637957
0.63791
0.637863
0.637816
0.637769
0.637722
0.637675
0.637628
0.637581
0.637534
0.637487
0.63744
0.637394
0.637347
0.6373
0.637253
0.637206
0.637159
0.637112
0.637065
0.637018
0.636971
0.636924
0.636878
0.636831
0.636784
0.636737
0.63669
0.636643
0.636596
0.636549
0.636503
0.636456
0.636409
0.636362
0.636315
0.636268
0.636221
0.636175
0.636128
0.636081
0.636034
0.635987
0.63594
0.635894
0.635847
0.6358
0.635753
0.635706
0.63566
0.635613
0.635566
0.635519
0.635472
0.635426
0.635379
0.635332
0.635285
0.635238
0.635192
0.635145
0.635098
0.635051
0.635005
0.634958
0.634911
0.634864
0.634818
0.634771
0.634724
0.634677
0.634631
0.634584
0.634537
0.63449
0.634444
0.634397
0.63435
0.634303
0.634257
0.63421
0.634163
0.634117
0.63407
0.634023
0.633976
0.63393
0.633883
0.633836
0.63379
0.633743
0.633696
0.63365
0.633603
0.633556
0.63351
0.633463
0.633416
0.633369
0.633323
0.633276
0.633229
0.633183
0.633136
0.633089
0.633043
0.632996
0.632949
0.632903
0.632856
0.63281
0.632763
0.632716
0.63267
0.632623
0.632576
0.63253
0.632483
0.632436
0.63239
0.632343
0.632296
0.63225
0.632203
0.632157
0.63211
0.632063
0.632017
0.63197
0.631923
0.631877
0.63183
0.631784
0.631737
0.63169
0.631644
0.631597
0.631551
0.631504
0.631457
0.631411
0.631364
0.631318
0.631271
0.631224
0.631178
0.631131
0.631085
0.631038
0.630991
0.630945
0.630898
0.630852
0.630805
0.630758
0.630712
0.630665
0.630619
0.630572
0.630525
0.630479
0.630432
0.630386
0.630339
0.630293
0.630246
0.630199
0.630153
0.630106
0.63006
0.630013
0.629966
0.62992
0.629873
0.629827
0.62978
0.629734
0.629687
0.62964
0.629594
0.629547
0.629501
0.629454
0.629408
0.629361
0.629314
0.629268
0.629221
0.629175
0.629128
0.629082
0.629035
0.628988
0.628942
0.628895
0.628849
0.628802
0.628756
0.628709
0.628662
0.628616
0.628569
0.628523
0.628476
0.62843
0.628383
0.628336
0.62829
0.628243
0.628197
0.62815
0.628103
0.628057
0.62801
0.627964
0.627917
0.627871
0.627824
0.627777
0.627731
0.627684
0.627638
0.627591
0.627544
0.627498
0.627451
0.627405
0.627358
0.627311
0.627265
0.627218
0.627172
0.627125
0.627078
0.627032
0.626985
0.626939
0.626892
0.626845
0.626799
0.626752
0.626706
0.626659
0.626612
0.626566
0.626519
0.626473
0.626426
0.626379
0.626333
0.626286
0.626239
0.626193
0.626146
0.626099
0.626053
0.626006
0.62596
0.625913
0.625866
0.62582
0.625773
0.625726
0.62568
0.625633
0.625586
0.62554
0.625493
0.625446
0.6254
0.625353
0.625306
0.62526
0.625213
0.625166
0.62512
0.625073
0.625026
0.624979
0.624933
0.624886
0.624839
0.624793
0.624746
0.624699
0.624652
0.624606
0.624559
0.624512
0.624466
0.624419
0.624372
0.624325
0.624279
0.624232
0.624185
0.624138
0.624092
0.624045
0.623998
0.623951
0.623905
0.623858
0.623811
0.623764
0.623717
0.623671
0.623624
0.623577
0.62353
0.623483
0.623437
0.62339
0.623343
0.623296
0.623249
0.623202
0.623156
0.623109
0.623062
0.623015
0.622968
0.622921
0.622874
0.622828
0.622781
0.622734
0.622687
0.62264
0.622593
0.622546
0.622499
0.622452
0.622405
0.622359
0.622312
0.622265
0.622218
0.622171
0.622124
0.622077
0.62203
0.621983
0.621936
0.621889
0.621842
0.621795
0.621748
0.621701
0.621654
0.621607
0.62156
0.621513
0.621466
0.621419
0.621372
0.621325
0.621278
0.621231
0.621184
0.621137
0.62109
0.621042
0.620995
0.620948
0.620901
0.620854
0.620807
0.62076
0.620713
0.620666
0.620618
0.620571
0.620524
0.620477
0.62043
0.620383
0.620335
0.620288
0.620241
0.620194
0.620147
0.620099
0.620052
0.620005
0.619958
0.619911
0.619863
0.619816
0.619769
0.619721
0.619674
0.619627
0.61958
0.619532
0.619485
0.619438
0.61939
0.619343
0.619296
0.619248
0.619201
0.619154
0.619106
0.619059
0.619011
0.618964
0.618917
0.618869
0.618822
0.618774
0.618727
0.618679
0.618632
0.618584
0.618537
0.61849
0.618442
0.618395
0.618347
0.618299
0.618252
0.618204
0.618157
0.618109
0.618062
0.618014
0.617967
0.617919
0.617871
0.617824
0.617776
0.617729
0.617681
0.617633
0.617586
0.617538
0.61749
0.617443
0.617395
0.617347
0.617299
0.617252
0.617204
0.617156
0.617108
0.617061
0.617013
0.616965
0.616917
0.61687
0.616822
0.616774
0.616726
0.616678
0.61663
0.616582
0.616535
0.616487
0.616439
0.616391
0.616343
0.616295
0.616247
0.616199
0.616151
0.616103
0.616055
0.616007
0.615959
0.615911
0.615863
0.615815
0.615767
0.615719
0.615671
0.615623
0.615575
0.615527
0.615479
0.61543
0.615382
0.615334
0.615286
0.615238
0.61519
0.615141
0.615093
0.615045
0.614997
0.614949
0.6149
0.614852
0.614804
0.614755
0.614707
0.614659
0.61461
0.614562
0.614514
0.614465
0.614417
0.614369
0.61432
0.614272
0.614223
0.614175
0.614127
0.614078
0.61403
0.613981
0.613933
0.613884
0.613836
0.613787
0.613738
0.61369
0.613641
0.613593
0.613544
0.613495
0.613447
0.613398
0.61335
0.613301
0.613252
0.613204
0.613155
0.613106
0.613057
0.613009
0.61296
0.612911
0.612862
0.612813
0.612765
0.612716
0.612667
0.612618
0.612569
0.61252
0.612471
0.612423
0.612374
0.612325
0.612276
0.612227
0.612178
0.612129
0.61208
0.612031
0.611982
0.611933
0.611884
0.611834
0.611785
0.611736
0.611687
0.611638
0.611589
0.61154
0.611491
0.611441
0.611392
0.611343
0.611294
0.611244
0.611195
0.611146
0.611097
0.611047
0.610998
0.610949
0.610899
0.61085
0.6108
0.610751
0.610702
0.610652
0.610603
0.610553
0.610504
0.610454
0.610405
0.610355
0.610306
0.610256
0.610207
0.610157
0.610107
0.610058
0.610008
0.609958
0.609909
0.609859
0.609809
0.60976
0.60971
0.60966
0.609611
0.609561
0.609511
0.609461
0.609411
0.609361
0.609312
0.609262
0.609212
0.609162
0.609112
0.609062
0.609012
0.608962
0.608912
0.608862
0.608812
0.608762
0.608712
0.608662
0.608612
0.608562
0.608512
0.608462
0.608412
0.608361
0.608311
0.608261
0.608211
0.608161
0.60811
0.60806
0.60801
0.60796
0.607909
0.607859
0.607809
0.607758
0.607708
0.607657
0.607607
0.607557
0.607506
0.607456
0.607405
0.607355
0.607304
0.607254
0.607203
0.607153
0.607102
0.607052
0.607001
0.60695
0.6069
0.606849
0.606798
0.606748
0.606697
0.606646
0.606595
0.606545
0.606494
0.606443
0.606392
0.606342
0.606291
0.60624
0.606189
0.606138
0.606087
0.606036
0.605985
0.605934
0.605883
0.605832
0.605781
0.60573
0.605679
0.605628
0.605577
0.605526
0.605475
0.605424
0.605373
0.605321
0.60527
0.605219
0.605168
0.605117
0.605065
0.605014
0.604963
0.604911
0.60486
0.604809
0.604757
0.604706
0.604655
0.604603
0.604552
0.6045
0.604449
0.604397
0.604346
0.604294
0.604243
0.604191
0.60414
0.604088
0.604036
0.603985
0.603933
0.603882
0.60383
0.603778
0.603726
0.603675
0.603623
0.603571
0.603519
0.603468
0.603416
0.603364
0.603312
0.60326
0.603208
0.603156
0.603104
0.603053
0.603001
0.602949
0.602897
0.602845
0.602793
0.602741
0.602688
0.602636
0.602584
0.602532
0.60248
0.602428
0.602376
0.602324
0.602271
0.602219
0.602167
0.602115
0.602062
0.60201
0.601958
0.601905
0.601853
0.601801
0.601748
0.601696
0.601643
0.601591
0.601539
0.601486
0.601434
0.601381
0.601329
0.601276
0.601223
0.601171
0.601118
0.601066
0.601013
0.60096
0.600908
0.600855
0.600802
0.60075
0.600697
0.600644
0.600591
0.600539
0.600486
0.600433
0.60038
0.600327
0.600274
0.600222
0.600169
0.600116
0.600063
0.60001
0.599957
0.599904
0.599851
0.599798
0.599745
0.599692
0.599639
0.599585
0.599532
0.599479
0.599426
0.599373
0.59932
0.599267
0.599213
0.59916
0.599107
0.599054
0.599
0.598947
0.598894
0.59884
0.598787
0.598734
0.59868
0.598627
0.598573
0.59852
0.598466
0.598413
0.59836
0.598306
0.598252
0.598199
0.598145
0.598092
0.598038
0.597985
0.597931
0.597877
0.597824
0.59777
0.597716
0.597663
0.597609
0.597555
0.597501
0.597448
0.597394
0.59734
0.597286
0.597232
0.597179
0.597125
0.597071
0.597017
0.596963
0.596909
0.596855
0.596801
0.596747
0.596693
0.596639
0.596585
0.596531
0.596477
0.596423
0.596369
0.596315
0.59626
0.596206
0.596152
0.596098
0.596044
0.59599
0.595935
0.595881
0.595827
0.595773
0.595718
0.595664
0.59561
0.595555
0.595501
0.595447
0.595392
0.595338
0.595283
0.595229
0.595175
0.59512
0.595066
0.595011
0.594957
0.594902
0.594848
0.594793
0.594738
0.594684
0.594629
0.594575
0.59452
0.594465
0.594411
0.594356
0.594301
0.594247
0.594192
0.594137
0.594082
0.594028
0.593973
0.593918
0.593863
0.593808
0.593754
0.593699
0.593644
0.593589
0.593534
0.593479
0.593424
0.593369
0.593314
0.593259
0.593204
0.59315
0.593094
0.593039
0.592984
0.592929
0.592874
0.592819
0.592764
0.592709
0.592654
0.592599
0.592544
0.592488
0.592433
0.592378
0.592323
0.592268
0.592212
0.592157
0.592102
0.592047
0.591991
0.591936
0.591881
0.591826
0.59177
0.591715
0.591659
0.591604
0.591549
0.591493
0.591438
0.591382
0.591327
0.591272
0.591216
0.591161
0.591105
0.59105
0.590994
0.590939
0.590883
0.590827
0.590772
0.590716
0.590661
0.590605
0.59055
0.590494
0.590438
0.590383
0.590327
0.590271
0.590216
0.59016
0.590104
0.590048
0.589993
0.589937
0.589881
0.589825
0.58977
0.589714
0.589658
0.589602
0.589546
0.589491
0.589435
0.589379
0.589323
0.589267
0.589211
0.589155
0.589099
0.589043
0.588987
0.588931
0.588876
0.58882
0.588764
0.588708
0.588652
0.588596
0.58854
0.588483
0.588427
0.588371
0.588315
0.588259
0.588203
0.588147
0.588091
0.588035
0.587979
0.587922
0.587866
0.58781
0.587754
0.587698
0.587642
0.587585
0.587529
0.587473
0.587417
0.587361
0.587304
0.587248
0.587192
0.587135
0.587079
0.587023
0.586967
0.58691
0.586854
0.586798
0.586741
0.586685
0.586628
0.586572
0.586516
0.586459
0.586403
0.586347
0.58629
0.586234
0.586177
0.586121
0.586064
0.586008
0.585951
0.585895
0.585838
0.585782
0.585725
0.585669
0.585612
0.585556
0.585499
0.585443
0.585386
0.58533
0.585273
0.585217
0.58516
0.585103
0.585047
0.58499
0.584934
0.584877
0.58482
0.584764
0.584707
0.58465
0.584594
0.584537
0.58448
0.584424
0.584367
0.58431
0.584254
0.584197
0.58414
0.584084
0.584027
0.58397
0.583913
0.583857
0.5838
0.583743
0.583686
0.58363
0.583573
0.583516
0.583459
0.583402
0.583346
0.583289
0.583232
0.583175
0.583118
0.583062
0.583005
0.582948
0.582891
0.582834
0.582777
0.58272
0.582664
0.582607
0.58255
0.582493
0.582436
0.582379
0.582322
0.582265
0.582208
0.582151
0.582095
0.582038
0.581981
0.581924
0.581867
0.58181
0.581753
0.581696
0.581639
0.581582
0.581525
0.581468
0.581411
0.581354
0.581297
0.58124
0.581183
0.581126
0.581069
0.581012
0.580955
0.580898
0.580841
0.580784
0.580727
0.58067
0.580613
0.580556
0.580499
0.580442
0.580385
0.580328
0.580271
0.580214
0.580157
0.5801
0.580043
0.579985
0.579928
0.579871
0.579814
0.579757
0.5797
0.579643
0.579586
0.579529
0.579472
0.579415
0.579358
0.5793
0.579243
0.579186
0.579129
0.579072
0.579015
0.578958
0.578901
0.578844
0.578786
0.578729
0.578672
0.578615
0.578558
0.578501
0.578444
0.578387
0.578329
0.578272
0.578215
0.578158
0.578101
0.578044
0.577987
0.57793
0.577872
0.577815
0.577758
0.577701
0.577644
0.577587
0.57753
0.577472
0.577415
0.577358
0.577301
0.577244
0.577187
0.577129
0.577072
0.577015
0.576958
0.576901
0.576844
0.576787
0.576729
0.576672
0.576615
0.576558
0.576501
0.576444
0.576386
0.576329
0.576272
0.576215
0.576158
0.576101
0.576044
0.575986
0.575929
0.575872
0.575815
0.575758
0.575701
0.575644
0.575586
0.575529
0.575472
0.575415
0.575358
0.575301
0.575244
0.575186
0.575129
0.575072
0.575015
0.574958
0.574901
0.574844
0.574787
0.574729
0.574672
0.574615
0.574558
0.574501
0.574444
0.574387
0.57433
0.574273
0.574215
0.574158
0.574101
0.574044
0.573987
0.57393
0.573873
0.573816
0.573759
0.573702
0.573644
0.573587
0.57353
0.573473
0.573416
0.573359
0.573302
0.573245
0.573188
0.573131
0.573074
0.573017
0.57296
0.572903
0.572846
0.572789
0.572732
0.572675
0.572617
0.57256
0.572503
0.572446
0.572389
0.572332
0.572275
0.572218
0.572161
0.572104
0.572047
0.57199
0.571933
0.571876
0.571819
0.571762
0.571706
0.571649
0.571592
0.571535
0.571478
0.571421
0.571364
0.571307
0.57125
0.571193
0.571136
0.571079
0.571022
0.570965
0.570908
0.570851
0.570795
0.570738
0.570681
0.570624
0.570567
0.57051
0.570453
0.570396
0.57034
0.570283
0.570226
0.570169
0.570112
0.570055
0.569999
0.569942
0.569885
0.569828
0.569771
0.569714
0.569658
0.569601
0.569544
0.569487
0.569431
0.569374
0.569317
0.56926
0.569204
0.569147
0.56909
0.569033
0.568977
0.56892
0.568863
0.568806
0.56875
0.568693
0.568636
0.56858
0.568523
0.568466
0.56841
0.568353
0.568296
0.56824
0.568183
0.568127
0.56807
0.568013
0.567957
0.5679
0.567843
0.567787
0.56773
0.567674
0.567617
0.567561
0.567504
0.567448
0.567391
0.567334
0.567278
0.567221
0.567165
0.567108
0.567052
0.566995
0.566939
0.566882
0.566826
0.56677
0.566713
0.566657
0.5666
0.566544
0.566487
0.566431
0.566375
0.566318
0.566262
0.566205
0.566149
0.566093
0.566036
0.56598
0.565924
0.565867
0.565811
0.565755
0.565698
0.565642
0.565586
0.565529
0.565473
0.565417
0.565361
0.565304
0.565248
0.565192
0.565136
0.56508
0.565023
0.564967
0.564911
0.564855
0.564799
0.564742
0.564686
0.56463
0.564574
0.564518
0.564462
0.564406
0.564349
0.564293
0.564237
0.564181
0.564125
0.564069
0.564013
0.563957
0.563901
0.563845
0.563789
0.563733
0.563677
0.563621
0.563565
0.563509
0.563453
0.563397
0.563341
0.563285
0.563229
0.563173
0.563118
0.563062
0.563006
0.56295
0.562894
0.562838
0.562782
0.562727
0.562671
0.562615
0.562559
0.562503
0.562448
0.562392
0.562336
0.56228
0.562225
0.562169
0.562113
0.562057
0.562002
0.561946
0.56189
0.561835
0.561779
0.561723
0.561668
0.561612
0.561556
0.561501
0.561445
0.56139
0.561334
0.561279
0.561223
0.561167
0.561112
0.561056
0.561001
0.560945
0.56089
0.560834
0.560779
0.560723
0.560668
0.560613
0.560557
0.560502
0.560446
0.560391
0.560336
0.56028
0.560225
0.560169
0.560114
0.560059
0.560004
0.559948
0.559893
0.559838
0.559782
0.559727
0.559672
0.559617
0.559561
0.559506
0.559451
0.559396
0.559341
0.559285
0.55923
0.559175
0.55912
0.559065
0.55901
0.558955
0.5589
0.558844
0.558789
0.558734
0.558679
0.558624
0.558569
0.558514
0.558459
0.558404
0.558349
0.558294
0.558239
0.558184
0.558129
0.558075
0.55802
0.557965
0.55791
0.557855
0.5578
0.557745
0.55769
0.557636
0.557581
0.557526
0.557471
0.557416
0.557362
0.557307
0.557252
0.557197
0.557143
0.557088
0.557033
0.556979
0.556924
0.556869
0.556815
0.55676
0.556705
0.556651
0.556596
0.556542
0.556487
0.556433
0.556378
0.556324
0.556269
0.556215
0.55616
0.556106
0.556051
0.555997
0.555942
0.555888
0.555833
0.555779
0.555725
0.55567
0.555616
0.555561
0.555507
0.555453
0.555398
0.555344
0.55529
0.555236
0.555181
0.555127
0.555073
0.555019
0.554964
0.55491
0.554856
0.554802
0.554748
0.554693
0.554639
0.554585
0.554531
0.554477
0.554423
0.554369
0.554315
0.554261
0.554207
0.554153
0.554099
0.554045
0.553991
0.553937
0.553883
0.553829
0.553775
0.553721
0.553667
0.553613
0.553559
0.553505
0.553451
0.553398
0.553344
0.55329
0.553236
0.553182
0.553129
0.553075
0.553021
0.552967
0.552914
0.55286
0.552806
0.552753
0.552699
0.552645
0.552592
0.552538
0.552484
0.552431
0.552377
0.552324
0.55227
0.552216
0.552163
0.552109
0.552056
0.552002
0.551949
0.551895
0.551842
0.551789
0.551735
0.551682
0.551628
0.551575
0.551522
0.551468
0.551415
0.551361
0.551308
0.551255
0.551202
0.551148
0.551095
0.551042
0.550989
0.550935
0.550882
0.550829
0.550776
0.550723
0.550669
0.550616
0.550563
0.55051
0.550457
0.550404
0.550351
0.550298
0.550245
0.550192
0.550138
0.550085
0.550032
0.54998
0.549927
0.549874
0.549821
0.549768
0.549715
0.549662
0.549609
0.549556
0.549503
0.54945
0.549398
0.549345
0.549292
0.549239
0.549186
0.549134
0.549081
0.549028
0.548975
0.548923
0.54887
0.548817
0.548765
0.548712
0.548659
0.548607
0.548554
0.548502
0.548449
0.548396
0.548344
0.548291
0.548239
0.548186
0.548134
0.548081
0.548029
0.547976
0.547924
0.547871
0.547819
0.547767
0.547714
0.547662
0.54761
0.547557
0.547505
0.547453
0.5474
0.547348
0.547296
0.547243
0.547191
0.547139
0.547087
0.547034
0.546982
0.54693
0.546878
0.546826
0.546774
0.546722
0.546669
0.546617
0.546565
0.546513
0.546461
0.546409
0.546357
0.546305
0.546253
0.546201
0.546149
0.546097
0.546045
0.545993
0.545941
0.545889
0.545838
0.545786
0.545734
0.545682
0.54563
0.545578
0.545527
0.545475
0.545423
0.545371
0.545319
0.545268
0.545216
0.545164
0.545113
0.545061
0.545009
0.544958
0.544906
0.544854
0.544803
0.544751
0.5447
0.544648
0.544596
0.544545
0.544493
0.544442
0.54439
0.544339
0.544287
0.544236
0.544185
0.544133
0.544082
0.54403
0.543979
0.543928
0.543876
0.543825
0.543774
0.543722
0.543671
0.54362
0.543568
0.543517
0.543466
0.543415
0.543363
0.543312
0.543261
0.54321
0.543159
0.543108
0.543056
0.543005
0.542954
0.542903
0.542852
0.542801
0.54275
0.542699
0.542648
0.542597
0.542546
0.542495
0.542444
0.542393
0.542342
0.542291
0.54224
0.542189
0.542138
0.542088
0.542037
0.541986
0.541935
0.541884
0.541833
0.541783
0.541732
0.541681
0.54163
0.54158
0.541529
0.541478
0.541428
0.541377
0.541326
0.541276
0.541225
0.541174
0.541124
0.541073
0.541023
0.540972
0.540922
0.540871
0.540821
0.54077
0.54072
0.540669
0.540619
0.540568
0.540518
0.540467
0.540417
0.540366
0.540316
0.540266
0.540215
0.540165
0.540115
0.540064
0.540014
0.539964
0.539914
0.539863
0.539813
0.539763
0.539713
0.539662
0.539612
0.539562
0.539512
0.539462
0.539412
0.539362
0.539311
0.539261
0.539211
0.539161
0.539111
0.539061
0.539011
0.538961
0.538911
0.538861
0.538811
0.538761
0.538711
0.538661
0.538611
0.538562
0.538512
0.538462
0.538412
0.538362
0.538312
0.538263
0.538213
0.538163
0.538113
0.538063
0.538014
0.537964
0.537914
0.537864
0.537815
0.537765
0.537715
0.537666
0.537616
0.537567
0.537517
0.537467
0.537418
0.537368
0.537319
0.537269
0.53722
0.53717
0.537121
0.537071
0.537022
0.536972
0.536923
0.536873
0.536824
0.536774
0.536725
0.536676
0.536626
0.536577
0.536528
0.536478
0.536429
0.53638
0.53633
0.536281
0.536232
0.536183
0.536133
0.536084
0.536035
0.535986
0.535937
0.535888
0.535838
0.535789
0.53574
0.535691
0.535642
0.535593
0.535544
0.535495
0.535446
0.535397
0.535348
0.535299
0.53525
0.535201
0.535152
0.535103
0.535054
0.535005
0.534956
0.534907
0.534858
0.534809
0.534761
0.534712
0.534663
0.534614
0.534565
0.534516
0.534468
0.534419
0.53437
0.534321
0.534273
0.534224
0.534175
0.534127
0.534078
0.534029
0.533981
0.533932
0.533883
0.533835
0.533786
0.533738
0.533689
0.533641
0.533592
0.533543
0.533495
0.533446
0.533398
0.53335
0.533301
0.533253
0.533204
0.533156
0.533107
0.533059
0.533011
0.532962
0.532914
0.532866
0.532817
0.532769
0.532721
0.532672
0.532624
0.532576
0.532528
0.532479
0.532431
0.532383
0.532335
0.532286
0.532238
0.53219
0.532142
0.532094
0.532046
0.531998
0.53195
0.531901
0.531853
0.531805
0.531757
0.531709
0.531661
0.531613
0.531565
0.531517
0.531469
0.531421
0.531373
0.531325
0.531278
0.53123
0.531182
0.531134
0.531086
0.531038
0.53099
0.530943
0.530895
0.530847
0.530799
0.530751
0.530704
0.530656
0.530608
0.53056
0.530513
0.530465
0.530417
0.53037
0.530322
0.530274
0.530227
0.530179
0.530131
0.530084
0.530036
0.529989
0.529941
0.529894
0.529846
0.529799
0.529751
0.529704
0.529656
0.529609
0.529561
0.529514
0.529466
0.529419
0.529371
0.529324
0.529277
0.529229
0.529182
0.529135
0.529087
0.52904
0.528993
0.528945
0.528898
0.528851
0.528803
0.528756
0.528709
0.528662
0.528615
0.528567
0.52852
0.528473
0.528426
0.528379
0.528332
0.528284
0.528237
0.52819
0.528143
0.528096
0.528049
0.528002
0.527955
0.527908
0.527861
0.527814
0.527767
0.52772
0.527673
0.527626
0.527579
0.527532
0.527485
0.527438
0.527391
0.527344
0.527298
0.527251
0.527204
0.527157
0.52711
0.527063
0.527017
0.52697
0.526923
0.526876
0.52683
0.526783
0.526736
0.526689
0.526643
0.526596
0.526549
0.526503
0.526456
0.526409
0.526363
0.526316
0.52627
0.526223
0.526176
0.52613
0.526083
0.526037
0.52599
0.525944
0.525897
0.525851
0.525804
0.525758
0.525711
0.525665
0.525618
0.525572
0.525526
0.525479
0.525433
0.525386
0.52534
0.525294
0.525247
0.525201
0.525155
0.525108
0.525062
0.525016
0.524969
0.524923
0.524877
0.524831
0.524785
0.524738
0.524692
0.524646
0.5246
0.524554
0.524507
0.524461
0.524415
0.524369
0.524323
0.524277
0.524231
0.524185
0.524139
0.524093
0.524046
0.524
0.523954
0.523908
0.523862
0.523816
0.52377
0.523725
0.523679
0.523633
0.523587
0.523541
0.523495
0.523449
0.523403
0.523357
0.523311
0.523266
0.52322
0.523174
0.523128
0.523082
0.523037
0.522991
0.522945
0.522899
0.522853
0.522808
0.522762
0.522716
0.522671
0.522625
0.522579
0.522534
0.522488
0.522442
0.522397
0.522351
0.522305
0.52226
0.522214
0.522169
0.522123
0.522078
0.522032
0.521986
0.521941
0.521895
0.52185
0.521804
0.521759
0.521714
0.521668
0.521623
0.521577
0.521532
0.521486
0.521441
0.521396
0.52135
0.521305
0.52126
0.521214
0.521169
0.521124
0.521078
0.521033
0.520988
0.520942
0.520897
0.520852
0.520807
0.520761
0.520716
0.520671
0.520626
0.520581
0.520535
0.52049
0.520445
0.5204
0.520355
0.52031
0.520265
0.520219
0.520174
0.520129
0.520084
0.520039
0.519994
0.519949
0.519904
0.519859
0.519814
0.519769
0.519724
0.519679
0.519634
0.519589
0.519544
0.519499
0.519454
0.51941
0.519365
0.51932
0.519275
0.51923
0.519185
0.51914
0.519095
0.519051
0.519006
0.518961
0.518916
0.518871
0.518827
0.518782
0.518737
0.518692
0.518648
0.518603
0.518558
0.518514
0.518469
0.518424
0.51838
0.518335
0.51829
0.518246
0.518201
0.518156
0.518112
0.518067
0.518023
0.517978
0.517934
0.517889
0.517844
0.5178
0.517755
0.517711
0.517666
0.517622
0.517577
0.517533
0.517489
0.517444
0.5174
0.517355
0.517311
0.517266
0.517222
0.517178
0.517133
0.517089
0.517045
0.517
0.516956
0.516912
0.516867
0.516823
0.516779
0.516734
0.51669
0.516646
0.516602
0.516557
0.516513
0.516469
0.516425
0.516381
0.516336
0.516292
0.516248
0.516204
0.51616
0.516116
0.516071
0.516027
0.515983
0.515939
0.515895
0.515851
0.515807
0.515763
0.515719
0.515675
0.515631
0.515587
0.515543
0.515499
0.515455
0.515411
0.515367
0.515323
0.515279
0.515235
0.515191
0.515147
0.515103
0.515059
0.515015
0.514972
0.514928
0.514884
0.51484
0.514796
0.514752
0.514709
0.514665
0.514621
0.514577
0.514533
0.51449
0.514446
0.514402
0.514358
0.514315
0.514271
0.514227
0.514183
0.51414
0.514096
0.514052
0.514009
0.513965
0.513922
0.513878
0.513834
0.513791
0.513747
0.513703
0.51366
0.513616
0.513573
0.513529
0.513486
0.513442
0.513399
0.513355
0.513312
0.513268
0.513225
0.513181
0.513138
0.513094
0.513051
0.513007
0.512964
0.51292
0.512877
0.512834
0.51279
0.512747
0.512704
0.51266
0.512617
0.512573
0.51253
0.512487
0.512444
0.5124
0.512357
0.512314
0.51227
0.512227
0.512184
0.512141
0.512097
0.512054
0.512011
0.511968
0.511924
0.511881
0.511838
0.511795
0.511752
0.511709
0.511666
0.511622
0.511579
0.511536
0.511493
0.51145
0.511407
0.511364
0.511321
0.511278
0.511235
0.511192
0.511149
0.511105
0.511062
0.511019
0.510976
0.510934
0.510891
0.510848
0.510805
0.510762
0.510719
0.510676
0.510633
0.51059
0.510547
0.510504
0.510461
0.510418
0.510376
0.510333
0.51029
0.510247
0.510204
0.510161
0.510119
0.510076
0.510033
0.50999
0.509947
0.509905
0.509862
0.509819
0.509776
0.509734
0.509691
0.509648
0.509606
0.509563
0.50952
0.509478
0.509435
0.509392
0.50935
0.509307
0.509264
0.509222
0.509179
0.509136
0.509094
0.509051
0.509009
0.508966
0.508924
0.508881
0.508838
0.508796
0.508753
0.508711
0.508668
0.508626
0.508583
0.508541
0.508499
0.508456
0.508414
0.508371
0.508329
0.508286
0.508244
0.508201
0.508159
0.508117
0.508074
0.508032
0.50799
0.507947
0.507905
0.507863
0.50782
0.507778
0.507736
0.507693
0.507651
0.507609
0.507566
0.507524
0.507482
0.50744
0.507397
0.507355
0.507313
0.507271
0.507229
0.507186
0.507144
0.507102
0.50706
0.507018
0.506976
0.506933
0.506891
0.506849
0.506807
0.506765
0.506723
0.506681
0.506639
0.506597
0.506555
0.506512
0.50647
0.506428
0.506386
0.506344
0.506302
0.50626
0.506218
0.506176
0.506134
0.506092
0.50605
0.506008
0.505966
0.505925
0.505883
0.505841
0.505799
0.505757
0.505715
0.505673
0.505631
0.505589
0.505548
0.505506
0.505464
0.505422
0.50538
0.505338
0.505297
0.505255
0.505213
0.505171
0.505129
0.505088
0.505046
0.505004
0.504962
0.504921
0.504879
0.504837
0.504795
0.504754
0.504712
0.50467
0.504629
0.504587
0.504545
0.504504
0.504462
0.50442
0.504379
0.504337
0.504296
0.504254
0.504212
0.504171
0.504129
0.504088
0.504046
0.504005
0.503963
0.503921
0.50388
0.503838
0.503797
0.503755
0.503714
0.503672
0.503631
0.503589
0.503548
0.503507
0.503465
0.503424
0.503382
0.503341
0.503299
0.503258
0.503217
